/*--------------------------------*- C++ -*----------------------------------*\
  =========                 |
  \\      /  F ield         | OpenFOAM: The Open Source CFD Toolbox
   \\    /   O peration     | Website:  https://openfoam.org
    \\  /    A nd           | Version:  dev
     \\/     M anipulation  |
\*---------------------------------------------------------------------------*/
FoamFile
{
    version     2.0;
    format      ascii;
    class       vectorField;
    object      cloudPositions;
}
// * * * * * * * * * * * * * * * * * * * * * * * * * * * * * * * * * * * * * //

(
(-0.007603 -0.000496 0.186242)
(0.005296 0.002961 0.249746)
(-0.003631 0.006625 0.222195)
(0.003463 0.007655 0.252834)
(-0.000193 -0.005658 0.248415)
(-0.003550 0.002809 0.174872)
(0.009027 0.008018 0.046837)
(-0.004634 -0.007571 0.253276)
(-0.007939 0.007436 0.149918)
(0.006590 0.006213 0.222370)
(-0.006731 -0.000662 0.165514)
(-0.008975 -0.006064 0.057685)
(0.004256 -0.008315 0.021390)
(-0.006722 0.006600 0.283040)
(-0.007295 0.000892 0.071601)
(-0.002414 -0.000567 0.009041)
(0.006973 0.006156 0.063900)
(0.006231 0.007762 0.044097)
(0.005540 0.005797 0.209102)
(0.002454 0.001138 0.146698)
(-0.007521 0.007371 0.009158)
(-0.004755 -0.004976 0.014585)
(-0.007842 0.006545 0.052000)
(0.005661 0.006317 0.003238)
(0.003626 0.001812 0.291785)
(0.008115 -0.007354 0.204002)
(0.002115 0.006613 0.240605)
(-0.000511 0.006445 0.254471)
(0.007178 -0.004356 0.274487)
(-0.008346 0.003370 0.299902)
(0.008936 0.000163 0.031491)
(-0.000712 -0.005933 0.175032)
(-0.000043 0.007958 0.053348)
(-0.001838 0.005946 0.206753)
(0.005476 -0.003146 0.013053)
(0.007495 0.003946 0.077224)
(0.005286 0.007725 0.021804)
(-0.004363 0.006779 0.118588)
(0.002750 0.007193 0.064800)
(0.007731 0.003853 0.157675)
(-0.005032 -0.006406 0.273652)
(-0.004435 0.005790 0.008037)
(0.003889 0.005180 0.140469)
(0.000349 -0.003737 0.019915)
(0.006767 0.005217 0.001389)
(-0.001437 0.007885 0.001659)
(0.004885 0.000983 0.039324)
(0.007492 -0.004747 0.216493)
(-0.003164 0.001354 0.113280)
(0.007488 0.008913 0.208388)
(0.006644 -0.001038 0.262499)
(0.001757 -0.008763 0.183613)
(-0.005182 0.008530 0.217370)
(-0.002919 -0.003235 0.137830)
(-0.003657 -0.004763 0.105567)
(-0.000395 0.008680 0.107329)
(0.003865 -0.001219 0.204188)
(0.003060 0.006020 0.120016)
(0.003798 0.007917 0.169609)
(0.005715 -0.001379 0.241563)
(-0.002788 0.006584 0.065112)
(0.003801 0.007753 0.140773)
(0.000357 -0.004884 0.248645)
(-0.007648 0.003336 0.170331)
(-0.001215 -0.006612 0.062768)
(-0.001702 0.001762 0.276526)
(-0.002756 -0.008567 0.180954)
(0.004651 0.007550 0.078562)
(-0.007210 0.001308 0.219866)
(-0.007978 0.000766 0.105603)
(-0.004335 -0.004064 0.148935)
(-0.003113 0.002860 0.052422)
(0.000491 0.008725 0.020609)
(-0.007964 -0.000847 0.083414)
(-0.003764 0.008425 0.078343)
(-0.001991 0.001324 0.183160)
(-0.006127 0.004721 0.220177)
(-0.008995 -0.001952 0.241865)
(0.001529 -0.003015 0.005323)
(-0.003013 -0.006966 0.037501)
(-0.006081 0.000230 0.029188)
(-0.000596 0.003942 0.073891)
(-0.000807 -0.003579 0.004964)
(-0.001712 -0.001016 0.011441)
(-0.007438 0.006134 0.162856)
(-0.005150 -0.001534 0.160114)
(-0.006203 0.002055 0.041237)
(0.000651 -0.007232 0.092247)
(-0.001916 -0.000603 0.030022)
(0.004566 0.002462 0.070144)
(-0.007156 0.004003 0.277508)
(-0.008650 -0.001542 0.037296)
(-0.007581 0.005454 0.094709)
(0.005570 0.004826 0.096120)
(-0.004889 0.000250 0.286516)
(-0.002246 -0.000626 0.281994)
(-0.005707 -0.005777 0.176166)
(-0.005464 0.003902 0.118605)
(0.000622 -0.004811 0.126102)
(-0.007530 0.006553 0.066062)
(0.002534 0.001785 0.099779)
(-0.002617 0.003680 0.175780)
(-0.005968 -0.002552 0.249858)
(0.006410 -0.004529 0.059153)
(-0.004893 0.005682 0.196030)
(0.008919 -0.006259 0.194256)
(0.003321 0.002499 0.094215)
(-0.004268 0.003281 0.227810)
(0.007704 -0.007761 0.296289)
(-0.006205 -0.007076 0.084507)
(0.004192 0.007977 0.264713)
(0.000376 0.004661 0.174366)
(0.002564 -0.003005 0.151533)
(0.004754 0.000492 0.142922)
(0.007431 0.003388 0.050819)
(-0.003880 0.004680 0.222662)
(-0.001443 -0.003874 0.091636)
(0.008633 -0.001677 0.096070)
(0.004056 -0.005587 0.184848)
(0.006049 0.000301 0.036035)
(0.003572 -0.002294 0.278810)
(-0.000320 0.006516 0.190664)
(-0.004717 0.000846 0.259795)
(0.005079 0.005766 0.094034)
(0.007055 -0.002091 0.150629)
(-0.004568 -0.001220 0.244729)
(-0.007494 -0.004358 0.090059)
(-0.007521 -0.004612 0.280762)
(0.002626 -0.005462 0.086975)
(-0.001346 -0.006456 0.285513)
(0.003525 -0.008089 0.125590)
(0.000358 0.002639 0.286511)
(0.000043 -0.005369 0.042436)
(0.006821 -0.002250 0.221078)
(0.002971 -0.006829 0.175609)
(0.005572 -0.001736 0.065781)
(-0.001033 -0.004852 0.076080)
(-0.003897 -0.008214 0.201234)
(0.006790 -0.007501 0.023214)
(0.002794 0.007390 0.149217)
(-0.007600 0.008359 0.047332)
(-0.009171 0.002081 0.175130)
(0.003707 -0.004297 0.081697)
(-0.002253 0.007408 0.288633)
(-0.003521 -0.001626 0.146564)
(0.008478 0.002226 0.157429)
(0.004217 0.008771 0.295844)
(0.005893 -0.008935 0.098997)
(0.001892 -0.001807 0.047893)
(-0.001298 -0.005969 0.283680)
(0.007287 0.008985 0.192547)
(0.006137 -0.001888 0.257374)
(0.007998 0.003982 0.042169)
(0.003944 -0.002649 0.130659)
(-0.006281 0.001943 0.187836)
(-0.003270 -0.001103 0.072314)
(0.003407 0.007087 0.166511)
(-0.000278 0.006607 0.133563)
(-0.000274 -0.001671 0.248073)
(-0.006962 -0.005759 0.082289)
(-0.000802 -0.006960 0.210051)
(-0.000631 -0.005187 0.259750)
(-0.005557 -0.008470 0.274329)
(-0.007001 0.003070 0.116547)
(-0.001779 0.004419 0.273787)
(-0.001293 -0.007403 0.020943)
(-0.007997 -0.002519 0.284823)
(-0.008872 -0.007283 0.299350)
(-0.000278 -0.000048 0.233613)
(-0.006301 0.008206 0.278879)
(-0.000308 0.009166 0.062436)
(-0.004728 0.002919 0.073166)
(-0.003873 0.002577 0.048642)
(-0.008828 0.006533 0.095791)
(-0.003985 -0.004216 0.249906)
(0.002349 0.006360 0.161905)
(-0.002583 -0.002879 0.171235)
(-0.002490 0.002131 0.257644)
(-0.006938 -0.005113 0.093949)
(0.001388 -0.001899 0.263049)
(0.007988 0.006491 0.138814)
(-0.006481 0.004512 0.163290)
(0.007662 0.000929 0.214017)
(-0.005462 0.006698 0.161809)
(0.003886 0.001981 0.284439)
(-0.006672 0.005934 0.214858)
(-0.000830 -0.001064 0.237824)
(0.007983 0.002734 0.217806)
(-0.007639 -0.003876 0.185440)
(-0.004066 0.008598 0.117065)
(-0.008186 0.003336 0.034855)
(0.005498 0.001506 0.237269)
(0.002012 0.005537 0.198764)
(0.001740 0.009099 0.071125)
(-0.007697 0.006834 0.036896)
(-0.003192 -0.005670 0.180136)
(0.001843 0.001158 0.138667)
(0.009005 -0.007654 0.206782)
(-0.001546 -0.001787 0.204637)
(0.008116 -0.000105 0.256273)
(0.008452 0.001680 0.102491)
(0.004735 -0.007652 0.088774)
(-0.005370 0.008861 0.220812)
(0.001763 -0.001299 0.131596)
(0.004063 -0.007582 0.009704)
(0.006784 -0.003544 0.284850)
(-0.001629 0.006092 0.029807)
(0.003185 -0.001678 0.006145)
(0.006831 0.003500 0.039226)
(0.003561 0.001337 0.090469)
(0.000259 -0.003259 0.246584)
(-0.000414 0.008034 0.006445)
(-0.006052 0.004561 0.104040)
(-0.001452 -0.006880 0.093051)
(0.001417 -0.001488 0.265632)
(0.002877 0.004115 0.007531)
(-0.006337 -0.007670 0.158821)
(0.009020 -0.008383 0.018769)
(0.006048 -0.004802 0.098364)
(0.002108 -0.004723 0.279485)
(-0.006813 0.008168 0.212270)
(-0.001039 0.005326 0.177769)
(0.007077 -0.000132 0.191694)
(0.004548 -0.004659 0.097538)
(0.007220 -0.007006 0.201470)
(0.004278 -0.005813 0.018147)
(0.002856 -0.000158 0.186330)
(-0.008499 -0.005505 0.022110)
(-0.007917 0.007410 0.262015)
(0.005816 -0.004470 0.054877)
(-0.001499 -0.007220 0.018201)
(0.005888 -0.004293 0.274622)
(-0.000331 -0.001995 0.042927)
(0.001624 -0.002574 0.051988)
(0.006659 0.006115 0.009668)
(-0.005785 -0.000438 0.022161)
(-0.003457 0.000861 0.082264)
(0.005406 -0.003315 0.238068)
(-0.006326 0.006476 0.197348)
(-0.004375 0.004152 0.185870)
(0.005661 0.002516 0.096299)
(-0.000708 0.003562 0.054555)
(0.009062 -0.004745 0.258239)
(-0.000513 -0.000099 0.140648)
(-0.002772 0.001245 0.223972)
(-0.008937 -0.006767 0.101588)
(0.006291 -0.000035 0.199275)
(0.007971 -0.000667 0.238104)
(0.006729 0.005023 0.198438)
(-0.005718 0.008283 0.222749)
(-0.003110 0.004071 0.080144)
(-0.001074 0.000005 0.014766)
(-0.002222 -0.008725 0.144642)
(0.005542 -0.003213 0.189429)
(0.000569 0.004670 0.252624)
(-0.002824 -0.002473 0.296240)
(-0.000557 0.003607 0.144514)
(-0.005131 -0.001635 0.148194)
(-0.003865 -0.008536 0.102420)
(0.002844 0.004955 0.089480)
(-0.000892 -0.002664 0.156927)
(-0.002021 -0.005469 0.183029)
(0.006725 -0.002435 0.169736)
(-0.005911 0.002943 0.026960)
(-0.005365 -0.004136 0.136077)
(-0.003765 0.000737 0.101309)
(-0.001168 -0.003802 0.139897)
(-0.004978 -0.006666 0.111121)
(0.003746 0.007709 0.134546)
(-0.003467 -0.001184 0.181779)
(-0.005213 0.000975 0.043786)
(0.004106 0.004810 0.008807)
(0.003723 -0.007507 0.122882)
(0.000628 0.002943 0.273886)
(-0.005746 0.004052 0.296133)
(0.007369 0.003200 0.033453)
(0.006347 -0.007280 0.170628)
(0.003858 0.000719 0.019229)
(-0.001388 -0.008885 0.079684)
(0.001938 0.001634 0.146816)
(-0.008953 -0.003826 0.085269)
(0.001625 0.006734 0.127224)
(-0.004965 0.008844 0.027601)
(0.006689 -0.000685 0.253041)
(0.002159 0.009197 0.155869)
(0.007018 0.003490 0.188810)
(0.000995 0.003909 0.094967)
(-0.005214 0.000280 0.186452)
(0.003675 0.002569 0.167221)
(0.009138 0.000895 0.261714)
(-0.007229 -0.002234 0.021164)
(-0.004776 0.007833 0.274430)
(-0.005291 -0.000788 0.019465)
(-0.003825 -0.006319 0.050313)
(0.004369 -0.004902 0.111862)
(-0.004335 0.000019 0.098492)
(0.007533 -0.003383 0.151749)
(-0.001773 0.008721 0.027240)
(0.004363 -0.007362 0.246169)
(-0.001323 -0.004475 0.099407)
(-0.001643 0.002799 0.148456)
(-0.007368 -0.000635 0.169815)
(0.005427 -0.004141 0.047154)
(0.003013 0.006762 0.002705)
(0.005703 0.001152 0.241008)
(0.001789 -0.006532 0.146955)
(-0.004209 0.002508 0.126831)
(-0.006047 -0.007464 0.126559)
(0.001337 0.003150 0.288380)
(0.004450 0.000690 0.048622)
(-0.004617 -0.004059 0.156989)
(0.009138 -0.007880 0.265293)
(0.001674 0.001990 0.172216)
(-0.003067 0.005468 0.199072)
(-0.002530 -0.001559 0.108142)
(0.006519 0.002411 0.103932)
(-0.007573 0.008612 0.047343)
(-0.002965 -0.005109 0.050260)
(-0.005655 0.000528 0.092682)
(0.002019 0.006355 0.027430)
(0.008614 0.004093 0.283046)
(0.005047 -0.000219 0.286349)
(0.008269 0.002909 0.122652)
(0.004549 -0.009092 0.236052)
(-0.004951 -0.000718 0.038537)
(-0.005079 0.002660 0.199585)
(0.006644 0.003658 0.092524)
(0.004406 -0.000255 0.278267)
(0.000440 0.006720 0.164549)
(0.005641 -0.006037 0.244308)
(-0.001716 0.000767 0.058793)
(0.004639 0.000711 0.263521)
(0.000009 0.005851 0.096401)
(-0.003198 -0.002321 0.149258)
(0.005190 0.004563 0.292731)
(-0.008701 0.006865 0.115457)
(0.003416 -0.002082 0.261791)
(-0.005357 -0.002436 0.285317)
(-0.006485 0.002100 0.063360)
(0.000116 0.000539 0.108143)
(-0.004927 -0.007145 0.040329)
(0.006300 0.007708 0.281787)
(-0.004117 0.007107 0.256734)
(0.002828 -0.006517 0.056873)
(0.002090 -0.008587 0.156567)
(0.005385 -0.003512 0.230073)
(-0.003930 0.000457 0.062085)
(0.005146 -0.000973 0.057132)
(0.004450 -0.004109 0.123312)
(-0.007191 -0.006819 0.194615)
(-0.001593 -0.006450 0.197371)
(0.007780 -0.007760 0.135853)
(-0.007577 0.007181 0.074607)
(-0.009079 0.005985 0.199507)
(0.007177 0.007467 0.111609)
(0.008806 0.006073 0.153772)
(0.005814 -0.004375 0.248474)
(-0.001920 -0.001018 0.243562)
(0.000180 -0.005503 0.245061)
(-0.007501 -0.006774 0.207001)
(0.004767 -0.002201 0.119621)
(0.001656 -0.008529 0.276289)
(-0.005227 -0.003370 0.059549)
(0.005368 -0.008235 0.001010)
(0.005379 0.008440 0.269684)
(-0.002393 0.002763 0.294382)
(0.002976 -0.002093 0.247512)
(0.006864 -0.000793 0.299603)
(0.002662 0.004390 0.270140)
(0.005803 -0.006822 0.220986)
(0.000193 0.002295 0.252202)
(-0.001081 -0.007068 0.199619)
(-0.002922 0.004590 0.178819)
(0.008404 0.002105 0.109351)
(0.005201 0.000833 0.236958)
(0.006379 0.005425 0.111728)
(0.000462 -0.007023 0.023668)
(0.006668 0.002034 0.133608)
(0.006927 -0.005793 0.225180)
(-0.004957 -0.001158 0.207177)
(-0.005211 -0.000567 0.119194)
(-0.005634 0.007391 0.251137)
(-0.006012 0.008331 0.060611)
(-0.001878 0.002744 0.228010)
(0.002742 -0.008148 0.019026)
(0.008204 -0.006256 0.093529)
(0.000393 -0.006070 0.178929)
(-0.004356 -0.002873 0.218605)
(-0.009136 -0.005236 0.286827)
(-0.006380 -0.007291 0.093903)
(0.008327 -0.002300 0.052768)
(0.006655 0.003652 0.281634)
(-0.001790 0.002679 0.140179)
(-0.002940 0.000129 0.226517)
(0.001146 0.001271 0.125602)
(0.003883 -0.004187 0.221519)
(-0.007291 0.007834 0.151288)
(-0.000212 0.001285 0.212410)
(-0.008586 0.001273 0.244139)
(0.002322 0.005759 0.197555)
(-0.004640 -0.004786 0.242559)
(-0.006633 0.000356 0.294254)
(0.003821 -0.005201 0.128764)
(0.004056 0.002555 0.052241)
(0.004596 -0.003053 0.241428)
(0.003253 0.007813 0.235678)
(0.003178 -0.006132 0.045812)
(0.007146 -0.002324 0.036174)
(0.004717 -0.004802 0.288897)
(0.008257 0.007921 0.197041)
(-0.006743 0.008484 0.282840)
(-0.007371 0.002442 0.192925)
(-0.003891 0.007283 0.039671)
(-0.002063 0.005768 0.071992)
(-0.008332 -0.000036 0.160639)
(0.003940 -0.005970 0.090367)
(-0.003067 0.008190 0.168870)
(-0.003621 -0.008306 0.066531)
(0.003143 -0.006900 0.061724)
(-0.001911 -0.005009 0.014392)
(-0.000898 0.005422 0.086393)
(-0.002145 0.009083 0.068639)
(-0.004681 -0.006909 0.132889)
(-0.007433 -0.002008 0.256634)
(0.005447 0.005674 0.279417)
(-0.003702 0.008352 0.011667)
(-0.005500 -0.007130 0.165509)
(-0.003915 0.000215 0.269009)
(0.003899 0.001922 0.161651)
(0.006853 -0.004945 0.100257)
(-0.003509 0.002404 0.259351)
(-0.005620 -0.002193 0.024711)
(0.008618 0.005490 0.295663)
(0.005549 0.008573 0.167296)
(-0.000914 -0.004349 0.200058)
(-0.003628 -0.002137 0.079478)
(0.000966 0.001869 0.157038)
(-0.001384 -0.001768 0.054855)
(0.006631 -0.003228 0.052352)
(-0.001303 0.007921 0.192285)
(-0.001729 -0.005454 0.223827)
(-0.002138 0.004224 0.232440)
(-0.008081 0.005926 0.207588)
(0.007563 0.007302 0.030759)
(0.007780 0.002208 0.084026)
(-0.000358 -0.004157 0.129460)
(0.009104 -0.001717 0.204205)
(0.006683 0.008634 0.042872)
(-0.005012 -0.001011 0.258274)
(-0.002392 -0.001281 0.180826)
(-0.008612 0.002047 0.091501)
(0.003110 0.003492 0.010375)
(-0.002068 0.006377 0.132372)
(0.005987 -0.007830 0.227020)
(0.008090 0.000078 0.040284)
(-0.000281 -0.007064 0.066700)
(-0.005761 0.004273 0.015352)
(0.004801 0.000061 0.271771)
(-0.004052 0.005836 0.108531)
(-0.000028 0.003773 0.042179)
(0.003220 0.005494 0.192229)
(-0.003568 0.004249 0.017460)
(-0.002812 -0.006033 0.237890)
(0.005173 0.000541 0.067307)
(0.002394 0.008091 0.247774)
(-0.003373 0.005339 0.049098)
(-0.006004 -0.005866 0.146369)
(0.002083 0.008174 0.237992)
(-0.002309 0.006658 0.266958)
(-0.007444 0.000064 0.049472)
(-0.004630 0.006894 0.132674)
(0.006993 -0.002323 0.117625)
(-0.001250 0.004285 0.075425)
(-0.004936 0.005017 0.240927)
(0.002939 0.003670 0.093481)
(0.000512 0.008464 0.060912)
(-0.000809 0.005963 0.123959)
(0.001691 0.006138 0.288240)
(-0.004825 -0.002917 0.172624)
(-0.000049 0.007995 0.067829)
(0.005390 -0.006183 0.009330)
(-0.004547 -0.001826 0.076453)
(0.001483 0.008041 0.078158)
(-0.004139 0.006466 0.230786)
(0.001849 0.004628 0.021197)
(-0.007489 0.004027 0.113695)
(0.003684 0.004305 0.220418)
(-0.005866 -0.002058 0.112495)
(0.005394 -0.009177 0.180149)
(0.008557 0.003322 0.173663)
(0.001796 -0.000335 0.236852)
(0.001260 0.008021 0.114986)
(0.005719 0.007907 0.066219)
(-0.007215 -0.004121 0.038967)
(0.002256 0.006636 0.124841)
(0.003063 -0.004923 0.257385)
(0.002840 0.007370 0.280869)
(0.004912 -0.006870 0.269247)
(-0.003280 0.003432 0.211764)
(0.003746 -0.000114 0.218201)
(0.009058 -0.006072 0.039159)
(0.002869 0.000974 0.146745)
(-0.004040 -0.001956 0.215817)
(-0.004804 0.005469 0.201949)
(-0.002582 -0.003867 0.055089)
(0.002105 0.005549 0.061116)
(0.001854 0.000461 0.153496)
(-0.006304 -0.002802 0.022402)
(0.004111 0.006038 0.147316)
(-0.001835 -0.000553 0.231915)
(0.001480 0.009123 0.125499)
(0.002651 -0.008525 0.267480)
(0.007223 0.004515 0.094210)
(0.005718 0.006003 0.020011)
(0.002254 0.000434 0.058197)
(0.004999 0.002064 0.033889)
(0.007251 -0.005265 0.013418)
(-0.009069 0.001348 0.238670)
(0.001797 -0.003095 0.239981)
(-0.003001 0.003959 0.262843)
(0.008150 -0.002993 0.061769)
(-0.003404 0.008985 0.224856)
(-0.000728 0.000801 0.240348)
(0.004929 0.002193 0.293863)
(0.006670 0.000752 0.034952)
(-0.004564 -0.008243 0.011533)
(-0.004147 0.005051 0.100884)
(0.007530 0.003794 0.295255)
(-0.007196 -0.005796 0.255558)
(0.000229 -0.004946 0.175874)
(-0.000282 0.008139 0.272376)
(-0.007000 -0.002415 0.228054)
(-0.009013 0.008931 0.019476)
(0.003802 -0.002050 0.208987)
(-0.008574 0.006910 0.285466)
(0.000064 -0.008777 0.034638)
(0.009044 0.008901 0.228143)
(-0.000741 -0.009175 0.200185)
(0.002352 -0.006970 0.127781)
(-0.000389 -0.000282 0.285779)
(0.008309 -0.002201 0.017290)
(-0.001191 0.002689 0.196755)
(-0.005566 -0.007903 0.260822)
(0.007070 0.002160 0.294050)
(-0.005649 -0.003331 0.031638)
(0.000154 0.005793 0.069911)
(0.001687 0.006828 0.116464)
(-0.002776 0.007811 0.137797)
(-0.007706 0.008965 0.243956)
(-0.004958 0.007193 0.021336)
(0.000918 -0.004716 0.066282)
(0.008255 -0.005852 0.128155)
(0.007628 -0.000793 0.203271)
(-0.005123 0.000321 0.122875)
(-0.002279 0.005258 0.217195)
(0.003408 -0.000027 0.173280)
(0.008131 -0.008428 0.101596)
(-0.007519 0.001339 0.138122)
(0.009185 -0.002428 0.038955)
(0.002438 -0.008935 0.268091)
(-0.004633 -0.001348 0.024629)
(0.007115 0.001669 0.197967)
(-0.000815 0.001787 0.194391)
(-0.001211 0.007325 0.222719)
(0.001986 0.004507 0.255980)
(0.009013 0.007866 0.133194)
(0.002196 -0.002218 0.245830)
(-0.007076 -0.001892 0.145104)
(0.005068 0.001367 0.154117)
(-0.004510 -0.006796 0.023912)
(0.006092 -0.003801 0.017510)
(-0.007916 -0.008248 0.023889)
(-0.001491 -0.005825 0.171324)
(0.008486 0.004385 0.216005)
(-0.002223 0.001436 0.290782)
(-0.006529 0.002342 0.041046)
(0.002484 0.007649 0.265743)
(-0.003117 -0.006216 0.105566)
(-0.008804 0.002406 0.091529)
(0.001865 -0.002323 0.130463)
(-0.001145 0.000117 0.265172)
(0.004255 -0.007642 0.140604)
(-0.006635 -0.008103 0.002780)
(-0.005619 -0.009110 0.118115)
(-0.005568 0.008493 0.210288)
(-0.003455 -0.008544 0.059645)
(-0.006808 -0.001982 0.039653)
(-0.008323 0.001500 0.151535)
(0.002702 0.008540 0.286533)
(-0.002655 0.000373 0.068472)
(0.003763 0.000944 0.021237)
(0.008880 0.005509 0.255063)
(0.001419 0.006495 0.277089)
(0.001072 0.001729 0.152906)
(-0.007703 0.001869 0.281131)
(-0.001157 0.003032 0.025395)
(-0.004774 0.008632 0.165836)
(0.007970 -0.002619 0.285675)
(-0.005363 -0.000177 0.170289)
(-0.004156 0.004873 0.202999)
(0.003317 -0.008505 0.071772)
(-0.003168 -0.002447 0.182490)
(-0.005912 -0.001441 0.140051)
(-0.000282 -0.000116 0.229678)
(-0.003163 0.002972 0.024329)
(0.003106 0.001630 0.271987)
(0.005837 0.001426 0.043458)
(0.006243 0.007714 0.159252)
(0.003488 -0.005865 0.266576)
(-0.002334 0.006572 0.157311)
(0.003183 -0.004935 0.156259)
(0.005759 -0.005868 0.247938)
(-0.004936 -0.008438 0.000472)
(-0.003034 -0.001366 0.192524)
(0.002955 -0.008062 0.036975)
(0.005279 -0.003985 0.189530)
(0.006469 -0.001629 0.030891)
(-0.002802 -0.002115 0.058439)
(0.008951 -0.003300 0.246030)
(-0.000627 -0.003577 0.130358)
(-0.007855 -0.006260 0.265988)
(-0.004695 0.008305 0.048802)
(-0.003969 0.001060 0.076232)
(-0.001438 -0.004967 0.240960)
(-0.007133 0.001785 0.023851)
(0.004003 -0.001024 0.278419)
(-0.000384 -0.001936 0.049936)
(-0.003554 -0.002260 0.282330)
(-0.003328 -0.005779 0.240284)
(0.004417 0.006892 0.097055)
(0.008791 -0.004387 0.109741)
(0.007138 -0.008522 0.277552)
(0.000101 -0.005432 0.061125)
(-0.008092 -0.002676 0.022025)
(0.003116 -0.008273 0.294979)
(0.002975 -0.004024 0.226061)
(-0.004407 0.001385 0.039787)
(-0.000346 -0.002587 0.130952)
(-0.000973 -0.001102 0.033684)
(0.006195 -0.002649 0.272895)
(0.003947 0.008484 0.178714)
(-0.004536 0.003587 0.109392)
(0.003613 0.001563 0.296259)
(0.000864 -0.003124 0.150511)
(-0.005825 0.001804 0.066675)
(-0.007254 -0.003788 0.200488)
(-0.002217 -0.006143 0.042990)
(0.001171 -0.002710 0.251131)
(-0.003211 0.004515 0.159253)
(0.005035 -0.004445 0.003073)
(0.002024 0.008822 0.176063)
(-0.002289 0.002347 0.152776)
(0.006286 -0.006298 0.014706)
(-0.008247 0.003519 0.150834)
(-0.008303 -0.005457 0.276704)
(0.003331 0.006514 0.104106)
(0.001168 -0.007490 0.297345)
(-0.008635 0.002166 0.153565)
(-0.004151 0.007013 0.196470)
(0.005833 -0.002364 0.146831)
(-0.005559 0.007137 0.012463)
(-0.004116 0.008686 0.125115)
(-0.002545 0.005813 0.274103)
(0.006278 -0.001462 0.256781)
(-0.006020 -0.008266 0.096468)
(-0.000392 0.000796 0.156411)
(-0.008834 0.004771 0.176102)
(0.007814 0.007154 0.282011)
(0.004996 -0.006837 0.277302)
(0.006929 0.004986 0.143024)
(0.004509 0.002701 0.075416)
(0.008127 -0.006294 0.199544)
(-0.000472 -0.006452 0.114108)
(0.007775 -0.002048 0.272656)
(0.000523 0.007641 0.116749)
(0.002051 0.008618 0.013351)
(-0.008183 -0.008434 0.247169)
(-0.003321 -0.006463 0.225986)
(0.007434 -0.000675 0.219606)
(-0.000809 0.005823 0.045748)
(-0.005064 -0.004202 0.163098)
(-0.006139 0.005005 0.013327)
(-0.001750 -0.004616 0.001842)
(-0.007049 -0.004403 0.053379)
(0.009004 -0.000530 0.087518)
(-0.001339 -0.002788 0.195617)
(-0.008463 -0.001605 0.119450)
(0.006161 -0.007405 0.193670)
(-0.009129 0.007705 0.211984)
(0.007713 -0.000477 0.016947)
(0.007265 -0.008093 0.201673)
(-0.003814 -0.005250 0.044530)
(-0.005512 -0.004229 0.152716)
(0.005513 0.006628 0.049307)
(-0.000327 -0.002136 0.095001)
(0.003518 0.002390 0.253156)
(0.009024 -0.002035 0.232816)
(0.003067 0.007594 0.179014)
(-0.006276 0.008729 0.025947)
(-0.003489 0.007472 0.267471)
(0.001580 0.008948 0.111826)
(-0.003561 0.007318 0.098371)
(0.004131 -0.003408 0.267806)
(0.001943 0.004293 0.284358)
(0.008274 0.001402 0.219856)
(0.003481 0.006255 0.299153)
(-0.004864 -0.008849 0.259707)
(-0.002725 -0.004171 0.079088)
(-0.006624 -0.001826 0.085203)
(0.002333 0.006832 0.113885)
(0.006293 -0.002835 0.148078)
(0.008372 0.006315 0.254278)
(0.006386 -0.006921 0.024939)
(-0.003129 -0.009048 0.226603)
(0.005504 -0.006745 0.105748)
(-0.000177 -0.004881 0.131919)
(0.007017 0.001216 0.286806)
(0.001782 -0.003570 0.224245)
(0.006293 -0.008357 0.269119)
(0.004544 -0.003109 0.011313)
(-0.007933 0.000631 0.028972)
(-0.007605 0.002197 0.234899)
(-0.003500 0.003336 0.275650)
(-0.003182 -0.006990 0.202404)
(0.001581 -0.007172 0.289520)
(0.004434 -0.008157 0.206173)
(0.001122 -0.003289 0.090021)
(-0.008118 -0.004694 0.109994)
(0.008592 0.008198 0.156864)
(-0.002162 -0.005433 0.295363)
(-0.000631 -0.002502 0.051801)
(0.002839 0.004650 0.105561)
(-0.008457 0.001402 0.016752)
(0.004128 0.000885 0.196514)
(0.005507 0.006984 0.022344)
(0.006561 0.006256 0.040581)
(0.005791 0.007202 0.134764)
(-0.002828 0.002291 0.204992)
(0.001837 0.003198 0.248429)
(-0.001945 0.008266 0.240026)
(-0.006270 -0.001326 0.292504)
(-0.005350 0.000943 0.179303)
(-0.002254 -0.008272 0.216785)
(-0.007404 -0.002891 0.241271)
(0.007626 0.005412 0.296848)
(0.000613 -0.000166 0.101450)
(-0.004955 -0.003194 0.046056)
(-0.008357 -0.006912 0.056087)
(0.004972 -0.000972 0.258980)
(0.002910 0.004258 0.130677)
(0.001315 0.002961 0.047313)
(-0.006698 -0.004754 0.144431)
(0.006931 0.005335 0.152264)
(-0.003129 -0.001458 0.110700)
(-0.000683 0.004308 0.057795)
(-0.001659 -0.004045 0.196533)
(0.001744 0.008697 0.008174)
(-0.003425 0.002003 0.015074)
(-0.001717 0.005210 0.189464)
(-0.007156 0.008634 0.227964)
(-0.007418 -0.000056 0.199276)
(0.006069 -0.003029 0.111241)
(-0.008006 -0.006196 0.204891)
(-0.008508 0.005444 0.292914)
(-0.004078 0.006194 0.287650)
(-0.003810 -0.000704 0.051691)
(-0.006812 0.007811 0.096844)
(-0.002746 0.008054 0.090585)
(0.006287 -0.001765 0.106850)
(-0.002048 0.008056 0.128375)
(-0.008474 -0.001450 0.008404)
(0.002431 0.004726 0.272618)
(-0.000363 0.008777 0.181045)
(-0.006538 0.003792 0.043775)
(0.004216 0.003197 0.082237)
(0.004865 -0.001875 0.252202)
(0.000254 -0.001290 0.032622)
(0.009146 -0.006667 0.169673)
(0.007313 -0.005611 0.117564)
(0.003305 0.008168 0.227817)
(0.002361 0.000969 0.022352)
(0.000527 -0.000290 0.084320)
(0.002179 -0.001606 0.194513)
(0.008530 -0.002501 0.032605)
(0.000180 0.006382 0.092023)
(0.001734 -0.003738 0.196013)
(-0.006689 -0.005704 0.216424)
(0.002793 -0.008789 0.017646)
(0.000111 -0.004163 0.282327)
(0.006142 -0.000073 0.103279)
(0.002445 0.000824 0.219272)
(-0.004284 0.003848 0.009559)
(0.000068 -0.003267 0.167580)
(-0.001333 -0.008997 0.082593)
(0.004812 0.002693 0.087446)
(-0.001518 -0.008943 0.081949)
(0.007859 0.003609 0.036090)
(-0.003286 -0.003852 0.040783)
(0.004758 -0.002235 0.273737)
(-0.003532 0.008712 0.027517)
(0.004619 -0.004805 0.016774)
(0.003780 0.008636 0.265743)
(-0.005607 -0.005323 0.290244)
(0.000024 0.001793 0.091556)
(0.007124 -0.005573 0.045790)
(-0.006764 0.008021 0.072445)
(-0.006296 -0.008775 0.194916)
(0.003074 -0.005882 0.255620)
(-0.006379 -0.005549 0.232464)
(0.008886 -0.002396 0.213629)
(-0.007989 0.007806 0.223917)
(-0.006346 0.003794 0.220806)
(-0.002669 -0.007980 0.029093)
(0.005697 0.002109 0.160719)
(0.002625 -0.007425 0.133441)
(-0.005278 0.008504 0.214357)
(0.000844 0.008853 0.046885)
(-0.001830 0.003355 0.289123)
(-0.002144 0.003885 0.193684)
(-0.003328 0.001118 0.161464)
(0.001792 -0.005965 0.072545)
(0.002342 0.009017 0.152826)
(0.003553 -0.002171 0.286566)
(0.008358 -0.008681 0.241776)
(-0.004393 0.001523 0.054192)
(0.007718 0.009081 0.214151)
(-0.007545 0.002037 0.216373)
(-0.000201 0.004662 0.051729)
(0.001209 -0.000759 0.026680)
(0.005481 -0.006624 0.175855)
(0.004934 -0.008665 0.241074)
(-0.009164 0.003592 0.202159)
(0.006795 -0.006054 0.216609)
(0.008068 0.003201 0.103196)
(-0.001580 0.008763 0.062699)
(-0.003418 -0.003727 0.102650)
(0.004171 0.000794 0.147252)
(0.008336 -0.004101 0.094535)
(-0.005526 -0.006309 0.144130)
(0.001343 -0.007445 0.060500)
(-0.006838 0.007359 0.126100)
(0.005776 -0.006031 0.148223)
(0.008898 0.001018 0.070245)
(0.001514 0.006498 0.294580)
(0.004082 0.005461 0.136314)
(0.004128 -0.000877 0.045497)
(0.002468 -0.006584 0.025324)
(-0.004747 0.003453 0.243494)
(-0.002076 -0.002147 0.125795)
(-0.000116 -0.005473 0.001184)
(-0.007510 0.004941 0.193393)
(-0.004443 -0.008755 0.207949)
(-0.000945 0.004394 0.146188)
(0.001614 -0.004930 0.250504)
(0.001246 0.000386 0.265452)
(0.005558 -0.007135 0.294302)
(-0.009058 0.007034 0.134177)
(-0.007976 0.006363 0.266632)
(-0.008857 0.007220 0.049857)
(-0.007267 0.004069 0.138154)
(-0.005060 -0.004316 0.223463)
(0.002775 0.000479 0.067035)
(0.007531 0.003882 0.181019)
(-0.006224 0.008292 0.168401)
(0.008879 0.007169 0.255328)
(0.005369 -0.007239 0.071013)
(0.003652 0.000919 0.194586)
(0.002579 -0.005459 0.265783)
(0.005758 -0.002187 0.205806)
(0.007368 0.005224 0.165702)
(0.000831 -0.000454 0.075555)
(0.007741 0.000138 0.135592)
(-0.005165 0.000721 0.204083)
(-0.007124 -0.006870 0.254596)
(0.007317 0.002805 0.018655)
(0.003915 0.003239 0.245997)
(-0.000245 -0.001734 0.233090)
(-0.001143 -0.002862 0.246393)
(0.000724 0.003304 0.080420)
(0.008586 0.005282 0.275226)
(-0.006771 0.003534 0.177774)
(-0.002711 0.006796 0.175173)
(-0.007429 0.000264 0.005394)
(-0.007859 -0.008481 0.051256)
(-0.003369 0.008026 0.041468)
(0.001448 0.007688 0.170261)
(0.003343 0.000133 0.070311)
(-0.007965 -0.005898 0.198387)
(-0.000791 0.003324 0.091787)
(-0.002289 -0.009140 0.015821)
(-0.004034 0.005383 0.216813)
(0.002822 -0.004550 0.254760)
(0.008010 -0.004504 0.031119)
(-0.008908 0.008249 0.257195)
(-0.000503 0.006508 0.287479)
(0.001962 -0.005843 0.108123)
(-0.008465 0.003900 0.219860)
(-0.007997 0.009198 0.073308)
(-0.007207 0.006626 0.268535)
(-0.001887 0.007916 0.137238)
(-0.001785 -0.001104 0.143453)
(0.007870 0.005380 0.028765)
(-0.000765 0.008506 0.136491)
(0.004937 0.008137 0.265897)
(0.001367 -0.002753 0.100942)
(0.005906 0.002255 0.200982)
(-0.006984 -0.008357 0.275942)
(-0.002526 -0.008005 0.153644)
(0.007209 -0.007993 0.011722)
(0.002012 -0.002458 0.130157)
(0.001228 -0.004468 0.194370)
(-0.005851 -0.004259 0.202384)
(-0.004116 0.003350 0.173351)
(-0.004806 -0.000535 0.200916)
(-0.005243 0.007939 0.225194)
(-0.000413 0.000163 0.176418)
(0.005259 -0.008135 0.144509)
(0.005288 -0.004532 0.108404)
(-0.008100 -0.007721 0.075669)
(-0.008300 0.000014 0.012959)
(-0.005291 -0.005112 0.067304)
(-0.001449 -0.003023 0.270545)
(0.002701 0.007522 0.211795)
(0.007013 0.007143 0.184500)
(0.005880 -0.004623 0.068017)
(-0.000837 0.004494 0.121631)
(-0.001311 -0.005744 0.219629)
(0.008733 -0.007802 0.108692)
(0.003337 -0.006068 0.207418)
(0.004325 0.006564 0.017353)
(0.000132 0.003485 0.025248)
(-0.007080 -0.003786 0.273989)
(0.007241 0.000012 0.215318)
(-0.003101 0.008636 0.269701)
(0.002051 0.009078 0.133827)
(0.003119 0.005006 0.116120)
(-0.005434 -0.000407 0.081162)
(-0.005572 0.008333 0.245127)
(0.005253 0.000900 0.047844)
(0.002533 0.008320 0.052946)
(0.004072 0.007512 0.293995)
(0.005774 0.003880 0.101359)
(0.008766 -0.005826 0.280176)
(-0.007011 -0.007496 0.049074)
(-0.003215 0.004188 0.056731)
(0.002127 0.006993 0.008747)
(-0.002101 0.005215 0.060138)
(0.003414 -0.007810 0.279771)
(-0.006611 -0.003480 0.212884)
(0.009063 0.008916 0.258108)
(0.004506 0.008973 0.230684)
(-0.003963 -0.008004 0.141541)
(-0.000900 0.006197 0.146672)
(-0.001102 0.004273 0.261798)
(0.002312 -0.003058 0.233487)
(0.003795 0.003504 0.077358)
(0.002930 -0.004461 0.148780)
(0.009152 -0.002705 0.206924)
(0.004021 0.003141 0.048551)
(0.004516 -0.005511 0.083911)
(-0.002386 0.008980 0.159455)
(-0.007766 -0.006237 0.254530)
(0.003831 -0.003399 0.029176)
(0.008728 0.003162 0.225292)
(0.004468 0.002561 0.288010)
(0.004209 0.007493 0.231311)
(-0.008327 -0.000417 0.218975)
(-0.006257 -0.004187 0.221137)
(0.001233 0.004068 0.158190)
(-0.002671 -0.000334 0.247669)
(0.000090 -0.001147 0.007020)
(-0.008617 -0.002026 0.175388)
(-0.005541 0.005038 0.009061)
(-0.006016 0.008876 0.292159)
(0.002911 0.002189 0.044996)
(0.006002 -0.004696 0.087269)
(0.003184 -0.001100 0.073130)
(-0.001372 0.004282 0.142867)
(0.003926 -0.001482 0.062673)
(0.003537 0.003781 0.216827)
(0.007845 -0.005505 0.040381)
(-0.002472 0.001395 0.295939)
(0.000702 -0.006662 0.052525)
(0.006028 0.001729 0.144140)
(0.001044 -0.000114 0.094996)
(-0.002564 0.001929 0.216923)
(-0.000255 0.003919 0.220518)
(-0.007736 -0.002128 0.239794)
(0.000787 -0.000217 0.013344)
(-0.005714 0.003000 0.086516)
(0.004421 -0.007175 0.040739)
(0.007262 0.006147 0.014232)
(-0.008305 -0.000229 0.058958)
(-0.005046 0.001922 0.264319)
(0.005772 -0.007189 0.049449)
(-0.003693 -0.000224 0.193074)
(-0.000374 0.003938 0.083360)
(0.005995 0.002184 0.119875)
(0.006469 0.005097 0.241584)
(0.003617 0.002732 0.216153)
(-0.005294 0.002992 0.201942)
(-0.003465 0.004201 0.249891)
(0.004429 0.007051 0.258055)
(-0.001191 -0.004920 0.220407)
(0.004180 -0.000367 0.191431)
(0.007144 0.008037 0.237616)
(0.002420 0.003220 0.219268)
(-0.007076 0.007550 0.198069)
(-0.000669 0.001697 0.055211)
(-0.005497 -0.000070 0.144690)
(0.009151 0.004374 0.073843)
(-0.001297 -0.002585 0.215113)
(-0.004937 -0.001045 0.250213)
(0.006556 0.000008 0.031079)
(-0.008842 -0.003163 0.269826)
(-0.005268 -0.008122 0.025799)
(0.000896 -0.002255 0.295537)
(-0.001514 -0.008203 0.068961)
(0.003256 -0.006391 0.168496)
(-0.005941 -0.007335 0.085194)
(-0.004689 0.005332 0.125614)
(-0.004915 -0.002479 0.067703)
(-0.008414 0.004810 0.033034)
(-0.008204 0.005818 0.233542)
(-0.007746 0.000233 0.202622)
(0.001334 -0.002074 0.011493)
(0.008760 0.000532 0.013180)
(-0.004962 0.007088 0.037924)
(-0.007552 -0.002723 0.156572)
(0.001199 -0.005876 0.225993)
(0.007777 0.001805 0.269348)
(-0.005768 -0.005789 0.238237)
(0.007032 -0.000114 0.251444)
(-0.003271 -0.002018 0.062387)
(-0.007698 0.004774 0.222082)
(-0.006171 -0.004106 0.050283)
(-0.006832 0.004861 0.226851)
(0.005918 0.007116 0.157544)
(0.005678 -0.005409 0.206199)
(-0.006660 -0.002752 0.049099)
(-0.008944 0.000759 0.134661)
(0.000371 0.007008 0.144689)
(-0.001561 -0.002362 0.159287)
(-0.005153 -0.001138 0.069298)
(-0.004945 -0.001494 0.138239)
(0.007842 -0.004413 0.002140)
(-0.003566 0.004165 0.172585)
(-0.008883 -0.003797 0.297544)
(0.002199 0.001830 0.058541)
(0.006444 0.002301 0.173688)
(-0.006049 -0.000606 0.080781)
(-0.000894 0.008128 0.177903)
(-0.006213 0.008510 0.009609)
(-0.003752 -0.000984 0.156880)
(0.001138 0.000337 0.202838)
(-0.007860 0.002700 0.215374)
(-0.002701 -0.005665 0.005373)
(-0.002808 -0.005726 0.043607)
(-0.004104 0.003058 0.288658)
(0.003691 0.003049 0.121790)
(0.003668 -0.000298 0.176682)
(-0.003217 0.008693 0.056846)
(0.008010 0.000700 0.286932)
(-0.000289 0.004921 0.277842)
(-0.005322 -0.001510 0.123733)
(-0.005692 -0.007301 0.293308)
(0.004275 -0.004973 0.274622)
(0.001254 -0.008966 0.221235)
(0.001493 0.007727 0.157767)
(0.005867 -0.003370 0.101924)
(0.007541 -0.002786 0.285682)
(0.006013 -0.001573 0.121782)
(-0.000014 -0.001741 0.141155)
(-0.003647 0.001062 0.296891)
(-0.006548 -0.000310 0.089322)
(0.007982 0.000214 0.153619)
(0.009118 -0.002800 0.069681)
(-0.004392 -0.003247 0.070706)
(-0.003241 0.006638 0.056059)
(-0.003345 -0.002647 0.004261)
(0.007365 -0.005489 0.214932)
(0.009195 -0.005656 0.220189)
(-0.006301 0.005152 0.016201)
(0.003322 0.007514 0.121791)
(0.006002 0.003419 0.019571)
(-0.003369 -0.002833 0.233843)
(-0.005725 -0.000455 0.174752)
(0.008300 0.006501 0.094071)
(0.007191 0.003693 0.280616)
(-0.005845 0.003119 0.196407)
(0.007141 0.008982 0.118735)
(-0.007177 -0.004064 0.040187)
(-0.000362 0.000080 0.112745)
(-0.006581 -0.002910 0.072200)
(0.004698 0.005289 0.202542)
(-0.004307 0.005671 0.107797)
(0.007675 0.001101 0.010415)
(0.002574 -0.008534 0.153515)
(0.008584 0.006329 0.298440)
(-0.001316 -0.007776 0.020396)
(0.002167 -0.006081 0.187963)
(-0.000564 0.004653 0.165219)
(-0.005044 -0.008236 0.107200)
(0.000254 0.002333 0.169819)
(-0.000822 -0.002785 0.113960)
(-0.001766 0.000309 0.269575)
(0.005143 -0.008385 0.287290)
(-0.007928 -0.003945 0.280331)
(-0.008132 0.001567 0.111414)
(-0.008491 0.007345 0.050569)
(-0.003599 -0.004977 0.273939)
(0.002267 -0.004649 0.077914)
(-0.000396 -0.002325 0.223689)
(0.002109 -0.003352 0.076704)
(0.007133 -0.007882 0.186043)
(0.001058 0.004922 0.258053)
(0.008486 -0.003179 0.004984)
(0.000454 -0.009058 0.090265)
(-0.009078 0.006679 0.131223)
(-0.000281 0.007508 0.105735)
(0.008899 0.006001 0.282654)
(-0.005648 0.001830 0.161715)
(0.001544 -0.008572 0.237176)
(0.005529 -0.005616 0.159520)
(0.001021 0.000589 0.052190)
(-0.001243 0.002939 0.035266)
(0.008065 0.004588 0.253609)
(0.005172 0.002678 0.247605)
(0.004340 -0.008541 0.110271)
(0.007037 -0.005143 0.113348)
(-0.006051 0.008673 0.204672)
(-0.003748 0.008545 0.027508)
(0.002397 -0.001120 0.039183)
(-0.002545 0.001179 0.122207)
(0.002162 0.004123 0.289076)
(-0.001362 0.001850 0.282083)
(-0.000740 0.007503 0.051933)
(-0.002290 0.004969 0.165750)
(-0.007918 0.006374 0.165458)
(-0.006470 -0.003175 0.107494)
(0.002700 0.002058 0.285807)
(-0.000238 -0.003594 0.239055)
(0.001067 -0.007445 0.055020)
(0.007993 0.004159 0.231733)
(-0.005381 -0.006519 0.145469)
(-0.003196 -0.000061 0.125979)
(0.004205 0.005517 0.255763)
(0.002023 0.002844 0.167949)
(0.005391 0.003845 0.283737)
(-0.004471 -0.005415 0.179516)
(0.002765 -0.002354 0.032839)
(-0.007691 -0.003810 0.293089)
(0.005327 0.008691 0.266782)
(0.006539 -0.006202 0.156083)
(-0.000270 0.005955 0.162563)
(0.006978 0.004245 0.169939)
(0.004676 -0.002459 0.034671)
(-0.005960 0.003211 0.285586)
(-0.007864 0.008252 0.147307)
(-0.003555 -0.000357 0.157849)
(0.001440 0.006627 0.111696)
(0.005521 -0.005007 0.185728)
(-0.005464 -0.001480 0.143972)
(-0.001183 0.002681 0.160175)
(0.007316 0.006534 0.213162)
(0.009093 -0.002740 0.186177)
(-0.000005 -0.007975 0.075203)
(0.002562 -0.002823 0.259953)
(0.001013 0.002596 0.001997)
(-0.000161 0.006956 0.003131)
(-0.005026 -0.004150 0.073933)
(0.001784 -0.007191 0.192977)
(0.007394 0.000029 0.026732)
(-0.001066 0.008915 0.175532)
(0.003320 -0.004246 0.152524)
(-0.003284 -0.001880 0.227598)
(-0.001024 -0.000885 0.235841)
(0.003461 -0.004390 0.195763)
(0.001447 0.005868 0.122848)
(-0.007000 -0.006737 0.268074)
(0.003015 -0.008202 0.226412)
(-0.002241 -0.004397 0.244596)
(0.002723 0.007151 0.193154)
(-0.002095 -0.004381 0.034131)
(-0.004333 -0.006491 0.025189)
(0.004646 0.006530 0.060062)
(-0.004787 0.001340 0.288488)
(-0.004605 -0.002653 0.201156)
(-0.004764 -0.004899 0.008091)
(-0.006277 0.007923 0.122373)
(0.005859 -0.007634 0.101721)
(0.005321 -0.001155 0.189537)
(-0.007982 0.004792 0.219139)
(-0.003773 0.008911 0.034241)
(-0.001664 0.006813 0.015175)
(-0.000604 0.001983 0.195676)
(-0.000074 -0.002886 0.282363)
(0.000821 -0.006663 0.059043)
(0.006075 0.000734 0.149260)
(0.006019 0.005576 0.279922)
(-0.008496 -0.000210 0.289429)
(0.005466 -0.005454 0.063834)
(0.003769 -0.001804 0.139009)
(-0.002389 -0.009032 0.055201)
(0.008131 -0.001449 0.222893)
(-0.002698 0.006939 0.008232)
(0.002854 -0.006241 0.048950)
(0.004804 0.003446 0.152214)
(-0.007105 -0.005193 0.225653)
(-0.007999 0.002433 0.288851)
(-0.006915 -0.008526 0.039453)
(0.005812 -0.004570 0.113593)
(0.001161 0.005346 0.009227)
(0.002811 -0.005862 0.255434)
(-0.001478 0.002621 0.245798)
(0.002080 -0.000695 0.052783)
(-0.002911 -0.005036 0.072716)
(-0.005733 -0.003914 0.295030)
(-0.006991 0.000713 0.021233)
(-0.000923 -0.005532 0.205147)
(0.004949 -0.004557 0.181632)
(-0.004529 -0.007229 0.064795)
(-0.005791 0.003963 0.250056)
(0.001667 -0.004435 0.197328)
(0.001140 -0.006948 0.207940)
(0.002859 0.004077 0.019972)
(0.000671 -0.008346 0.108392)
(-0.009091 0.005243 0.093071)
(-0.007059 0.001326 0.191104)
(0.004111 -0.007299 0.222309)
(-0.008986 0.002803 0.085261)
(-0.001347 -0.000816 0.165072)
(0.007121 0.000329 0.063326)
(-0.006719 -0.005302 0.095715)
(0.003795 -0.008404 0.095965)
(0.000183 -0.001775 0.144982)
(-0.004320 0.007608 0.150288)
(0.008655 -0.005729 0.078428)
(-0.003317 -0.005259 0.234084)
(-0.002897 -0.003174 0.188813)
(0.004561 0.002100 0.019774)
(0.006472 0.001969 0.137945)
(-0.001973 -0.005018 0.295931)
(0.004810 0.004097 0.069450)
(-0.002632 0.006661 0.248138)
(-0.008624 -0.008124 0.217079)
(0.002951 -0.001400 0.125264)
(-0.006310 -0.005970 0.269085)
(-0.008439 -0.007765 0.108332)
(-0.005462 0.006188 0.262071)
(0.007026 -0.006486 0.133000)
(-0.006230 -0.008123 0.049407)
(-0.002486 -0.008198 0.286073)
(-0.001711 0.006781 0.112496)
(0.008450 0.000817 0.207637)
(0.000363 -0.003769 0.063300)
(-0.002923 -0.000688 0.162670)
(-0.006501 -0.005401 0.235027)
(0.008331 -0.004022 0.117375)
(-0.003933 -0.003493 0.003560)
(-0.003089 -0.001542 0.127731)
(-0.000313 -0.000610 0.055129)
(-0.006201 0.002433 0.172967)
(0.008580 -0.000265 0.105882)
(-0.003996 0.005217 0.234050)
(0.004496 -0.003018 0.005882)
(0.004697 0.002966 0.139614)
(0.008302 -0.004672 0.041071)
(-0.004394 -0.006006 0.296405)
(0.003931 0.002959 0.278076)
(-0.006410 -0.005767 0.262202)
(0.008430 -0.000360 0.167638)
(-0.006584 0.002116 0.006886)
(-0.004461 0.008690 0.265831)
(0.001981 0.004430 0.073901)
(-0.001672 -0.004180 0.195255)
(0.006362 -0.003434 0.291846)
(0.000125 0.002966 0.180526)
(-0.005333 0.008875 0.178585)
(0.004780 -0.006757 0.296055)
(-0.006278 0.002560 0.253200)
(0.008315 -0.003465 0.259377)
(-0.004218 0.004548 0.064932)
(-0.002822 -0.001947 0.279579)
(0.006615 -0.004163 0.244921)
(0.007169 -0.007314 0.224862)
(0.003367 0.003264 0.213557)
(-0.002346 0.001793 0.144295)
(0.005540 -0.007179 0.164436)
(0.007502 0.003726 0.169730)
(0.003916 -0.000962 0.221634)
(-0.004258 0.001983 0.069162)
(-0.004203 0.005881 0.196844)
(0.001746 0.007328 0.049714)
(-0.008158 -0.003311 0.108595)
(0.002280 0.003998 0.133347)
(0.006299 -0.008682 0.166354)
(-0.000496 0.005655 0.238872)
(0.003743 -0.005154 0.279219)
(-0.008954 0.004924 0.119475)
(0.001187 -0.007072 0.058856)
(-0.003189 0.003825 0.018723)
(0.003575 0.002556 0.206462)
(0.002902 0.008623 0.048894)
(0.002712 0.007623 0.220813)
(0.000625 0.007958 0.075921)
(-0.007206 -0.002090 0.073680)
(0.006975 0.006370 0.043596)
(-0.001011 -0.005662 0.297953)
(-0.006651 0.001664 0.267625)
(-0.008323 0.000851 0.164188)
(-0.004056 -0.006835 0.083297)
(-0.007834 0.002536 0.172283)
(0.007064 -0.005139 0.138845)
(-0.003085 0.000130 0.153494)
(0.002114 -0.006316 0.155616)
(0.003303 -0.003886 0.207839)
(-0.001839 -0.002367 0.240213)
(-0.004402 -0.005631 0.274653)
(0.001691 0.007050 0.277098)
(0.005530 -0.004898 0.272053)
(0.004043 0.006148 0.155193)
(-0.004253 0.004441 0.078990)
(-0.000063 0.005989 0.116705)
(-0.005439 -0.005543 0.249797)
(0.003473 -0.007158 0.235374)
(-0.000591 -0.005006 0.039221)
(-0.003949 -0.005366 0.130022)
(-0.005790 0.005043 0.246384)
(0.005862 -0.002288 0.051584)
(0.009061 -0.006332 0.046203)
(-0.006610 0.001033 0.101476)
(-0.004020 -0.008589 0.257233)
(0.002556 0.005474 0.096348)
(-0.003890 0.006556 0.064968)
(0.004464 0.009124 0.140299)
(0.000964 -0.004610 0.208370)
(0.007385 0.004087 0.190367)
(0.001343 -0.005552 0.187630)
(0.004278 0.008573 0.267261)
(0.006757 -0.000608 0.165832)
(0.008060 -0.005090 0.107974)
(0.001216 0.004214 0.297371)
(-0.006725 0.000422 0.258653)
(-0.001861 0.002761 0.267394)
(0.005156 0.001817 0.104740)
(-0.000758 0.008530 0.054952)
(-0.000444 0.003800 0.243498)
(0.004357 0.005733 0.251214)
(-0.008718 -0.006950 0.044662)
(0.004334 -0.007370 0.073103)
(-0.003144 -0.005206 0.249183)
(-0.009119 -0.007534 0.242735)
(-0.000601 0.000325 0.087611)
(-0.008865 0.000991 0.206410)
(-0.006529 -0.004142 0.223103)
(-0.001829 -0.006390 0.100652)
(0.007134 0.008963 0.268327)
(0.004749 -0.001575 0.190501)
(-0.003203 0.006036 0.114188)
(0.005657 0.005747 0.210048)
(0.006934 0.006532 0.236470)
(0.000954 0.000962 0.286329)
(0.000917 0.006063 0.171553)
(-0.002574 0.005433 0.151211)
(0.005441 0.007045 0.171461)
(0.007108 -0.002173 0.116077)
(0.004028 -0.002431 0.169376)
(-0.003915 -0.003245 0.200749)
(-0.004665 0.004653 0.159882)
(-0.001967 -0.004655 0.133258)
(0.002363 0.005262 0.224175)
(0.008691 0.008263 0.206508)
(-0.005194 -0.002279 0.133017)
(-0.001437 0.009092 0.086166)
(0.001760 0.007533 0.045579)
(-0.006724 -0.006579 0.283698)
(0.007607 -0.001288 0.199314)
(0.002148 0.004097 0.102107)
(0.002106 -0.002434 0.068667)
(-0.004022 0.004805 0.257394)
(-0.007569 0.008856 0.231681)
(0.003571 -0.007580 0.171297)
(-0.003441 -0.001186 0.134747)
(-0.009035 -0.000140 0.173739)
(-0.006041 0.005557 0.129623)
(-0.006430 0.001194 0.094465)
(-0.008661 -0.007332 0.223419)
(-0.000084 0.004258 0.091444)
(0.002893 -0.005259 0.201199)
(0.000823 -0.007162 0.056900)
(-0.000507 0.004018 0.283772)
(-0.001847 0.002515 0.154907)
(0.003579 -0.004583 0.205269)
(0.009106 -0.008692 0.252385)
(-0.006180 0.000185 0.259412)
(0.000196 -0.002897 0.250602)
(0.001941 0.003536 0.201465)
(0.002194 -0.002347 0.167605)
(-0.002760 0.004114 0.274283)
(-0.001874 0.002157 0.211083)
(-0.002867 -0.004647 0.010860)
(0.005406 -0.004098 0.122245)
(-0.002932 -0.001527 0.166894)
(0.004157 0.007804 0.228564)
(0.000695 0.006938 0.021748)
(0.007902 0.001000 0.075774)
(-0.005098 0.002010 0.207617)
(0.008797 0.007173 0.067073)
(0.007868 0.001594 0.066703)
(0.004306 0.001920 0.262034)
(0.008575 0.002280 0.222649)
(0.003147 -0.001407 0.275298)
(0.005188 -0.007476 0.170649)
(-0.006241 -0.001304 0.261486)
(-0.003952 -0.009037 0.029507)
(0.008255 -0.002658 0.261457)
(0.002066 0.006208 0.088580)
(-0.005773 -0.003729 0.102132)
(-0.003958 0.002283 0.239514)
(-0.003320 0.002301 0.183521)
(-0.000109 0.008710 0.276222)
(-0.004351 -0.000875 0.049804)
(-0.007841 0.000227 0.298329)
(0.006736 -0.001966 0.189316)
(0.001079 -0.003395 0.140968)
(0.007341 0.001505 0.190126)
(0.002039 -0.002266 0.006154)
(-0.004968 -0.002368 0.150478)
(-0.003331 0.006483 0.237644)
(-0.004640 0.003062 0.171709)
(0.000231 -0.002534 0.057452)
(0.003049 0.004858 0.053811)
(-0.000196 -0.006697 0.096611)
(0.009117 0.008187 0.030880)
(-0.003781 -0.008388 0.019680)
(0.008243 -0.002345 0.211432)
(0.005287 -0.008047 0.076397)
(-0.005161 -0.000080 0.044012)
(-0.005566 -0.001702 0.291133)
(-0.000019 -0.002318 0.100007)
(0.008814 0.002151 0.181812)
(0.008330 0.000862 0.082899)
(-0.002473 0.005031 0.173721)
(-0.005905 0.004606 0.221996)
(-0.006629 0.002995 0.267665)
(-0.000890 -0.001019 0.129338)
(-0.001770 -0.003713 0.268123)
(-0.002865 0.008800 0.046141)
(-0.002402 -0.006884 0.033069)
(-0.004186 -0.001288 0.143350)
(0.004429 -0.003023 0.142717)
(-0.004306 -0.008852 0.076328)
(-0.006565 -0.004594 0.288344)
(-0.000894 -0.000838 0.191527)
(-0.008590 -0.006143 0.293314)
(0.000947 0.003434 0.148760)
(-0.001477 0.002205 0.145218)
(-0.005438 0.007258 0.253347)
(0.008809 0.001393 0.051511)
(-0.001587 0.005003 0.281661)
(0.008239 -0.003216 0.214412)
(0.008000 -0.002429 0.257725)
(0.003349 -0.007316 0.225340)
(-0.004137 0.006552 0.219098)
(0.007305 -0.001657 0.138244)
(0.006396 0.001464 0.005628)
(-0.004248 -0.008785 0.134820)
(0.002358 -0.007275 0.118439)
(-0.000753 0.005967 0.067155)
(0.002002 0.001969 0.234797)
(0.007154 -0.005342 0.159397)
(0.000992 -0.000621 0.168106)
(-0.002005 0.000936 0.216848)
(0.001809 0.006801 0.005647)
(-0.005144 0.001377 0.149408)
(-0.005798 0.001324 0.174838)
(0.001047 -0.007481 0.176608)
(-0.009198 0.000551 0.184522)
(0.001546 0.001563 0.137970)
(0.000407 -0.005498 0.184279)
(0.006705 0.007647 0.125819)
(-0.005787 -0.001669 0.030100)
(0.007333 -0.003381 0.278937)
(0.004212 0.002369 0.179261)
(-0.005427 -0.004796 0.053737)
(0.002016 -0.006059 0.195303)
(-0.002140 0.006632 0.020090)
(-0.003313 -0.004977 0.009006)
(-0.007355 0.002765 0.011789)
(0.007149 -0.001657 0.042765)
(0.000089 -0.007480 0.111375)
(0.002837 0.006487 0.192134)
(0.003487 -0.008853 0.080471)
(0.008066 0.003733 0.273946)
(0.001724 0.003983 0.091106)
(0.007794 -0.005761 0.118166)
(-0.001594 -0.002253 0.044868)
(-0.000219 -0.001727 0.085802)
(0.007127 -0.008371 0.155713)
(-0.009126 0.002701 0.223875)
(-0.000089 0.003117 0.266675)
(0.002674 0.007649 0.003731)
(0.002980 0.005465 0.086705)
(0.006506 0.008574 0.289094)
(-0.000010 0.001428 0.009829)
(-0.002249 0.005437 0.220488)
(-0.006603 0.006336 0.298451)
(0.007408 -0.002189 0.239121)
(-0.004667 -0.002274 0.286081)
(-0.005135 -0.004519 0.127133)
(-0.008097 -0.000846 0.220464)
(-0.004670 -0.004450 0.231087)
(-0.009057 0.007703 0.035428)
(-0.007262 -0.008299 0.250166)
(0.009090 0.002961 0.055112)
(-0.006665 -0.002263 0.161808)
(-0.000071 0.004146 0.268215)
(0.006843 -0.005064 0.181909)
(0.002403 -0.001835 0.001517)
(0.006284 -0.005493 0.239515)
(-0.008846 0.000206 0.164687)
(0.007937 -0.006619 0.135257)
(-0.005885 -0.007371 0.166104)
(-0.003400 0.004880 0.135030)
(-0.008479 -0.004326 0.058021)
(-0.008220 -0.005232 0.109251)
(-0.007537 0.003106 0.141130)
(-0.004781 0.003645 0.256652)
(-0.005562 0.000960 0.132735)
(0.000280 -0.002899 0.137513)
(-0.005636 -0.001495 0.274015)
(0.005424 0.008675 0.089278)
(0.008603 -0.009175 0.240934)
(-0.002412 -0.001918 0.294194)
(0.000268 -0.005581 0.279889)
(0.004706 0.000827 0.142626)
(-0.007093 0.001920 0.181456)
(-0.007917 -0.008774 0.043323)
(-0.001042 0.000009 0.149047)
(-0.008661 0.006999 0.164221)
(0.004620 0.003725 0.065716)
(-0.002079 -0.007159 0.296359)
(-0.000621 0.008614 0.190020)
(0.002733 0.002173 0.298696)
(0.008009 0.001892 0.298809)
(-0.008204 0.004632 0.277746)
(0.003709 0.003062 0.159222)
(-0.000353 0.005433 0.060696)
(-0.004918 -0.001642 0.210022)
(0.001114 0.006992 0.210502)
(-0.004553 0.000790 0.287789)
(0.000677 -0.006245 0.228222)
(0.008500 -0.006328 0.086026)
(-0.003790 -0.002646 0.028925)
(0.004699 0.000584 0.215662)
(-0.008812 0.005653 0.086136)
(-0.007548 0.002610 0.064576)
(0.001516 -0.007825 0.221474)
(-0.007580 0.000947 0.245383)
(-0.007471 -0.007850 0.253843)
(-0.003797 -0.004140 0.030774)
(-0.007743 -0.007364 0.157621)
(0.001028 -0.008753 0.175572)
(0.002890 0.001065 0.140736)
(0.004019 0.001131 0.247958)
(-0.001726 0.000934 0.260472)
(0.000451 -0.004774 0.265089)
(-0.003963 0.004843 0.020919)
(-0.003289 -0.005426 0.156379)
(-0.007557 0.005308 0.055386)
(0.006681 0.000201 0.143250)
(-0.008912 -0.007632 0.296424)
(-0.002713 0.004544 0.257284)
(-0.005912 -0.000465 0.217539)
(0.006932 -0.002065 0.044014)
(-0.006135 0.000689 0.220106)
(0.005121 0.004600 0.077659)
(0.006898 -0.002682 0.137387)
(-0.001968 -0.002994 0.253022)
(-0.005057 0.007682 0.021055)
(-0.003440 0.005097 0.026683)
(-0.007232 -0.004750 0.225339)
(-0.004399 0.005441 0.250799)
(-0.008567 -0.006897 0.118030)
(-0.008116 0.008365 0.086737)
(-0.002493 0.000707 0.057906)
(-0.008462 -0.002273 0.017464)
(-0.000849 -0.007587 0.193598)
(-0.003892 0.005807 0.216115)
(-0.005456 0.003068 0.023483)
(0.004304 -0.007897 0.115326)
(-0.003326 -0.001814 0.059631)
(-0.004491 -0.004025 0.234023)
(0.003155 -0.006422 0.131274)
(0.007558 0.005936 0.250002)
(-0.007876 0.005092 0.243373)
(-0.006378 -0.000246 0.060045)
(-0.002534 -0.007466 0.119141)
(0.002747 0.008390 0.245252)
(0.002975 0.004577 0.163754)
(-0.001476 -0.007605 0.270190)
(-0.002316 -0.005705 0.243643)
(0.000841 0.003244 0.074370)
(0.006061 -0.005328 0.203080)
(-0.005785 0.006482 0.199309)
(-0.004573 0.008717 0.204668)
(0.004441 0.004566 0.275425)
(0.001556 0.004542 0.194660)
(-0.004601 0.005669 0.067655)
(0.002799 -0.009090 0.004804)
(-0.009029 -0.002908 0.143045)
(0.006403 -0.006254 0.192030)
(0.001266 0.002697 0.150025)
(0.003489 -0.006509 0.008573)
(0.003642 -0.006111 0.274607)
(-0.003218 -0.001111 0.210300)
(0.001608 -0.002695 0.139671)
(-0.008673 0.000939 0.042101)
(0.004245 0.000185 0.061906)
(-0.002531 0.006931 0.120783)
(0.006132 -0.000652 0.116285)
(0.003999 0.007811 0.150688)
(-0.006289 0.007728 0.150416)
(-0.007866 -0.008225 0.151905)
(0.001500 0.002132 0.134947)
(0.005702 -0.008836 0.039905)
(-0.000262 -0.004477 0.253303)
(-0.007520 0.008333 0.139682)
(0.002510 -0.002899 0.295235)
(-0.003478 0.007215 0.027317)
(-0.005384 0.007536 0.138925)
(0.006245 -0.003739 0.054849)
(0.003475 -0.002030 0.183511)
(0.002383 -0.001500 0.167252)
(0.004329 -0.008096 0.039551)
(0.001501 0.004183 0.221678)
(-0.008160 -0.000575 0.197534)
(0.005272 -0.000252 0.259283)
(-0.004697 0.004774 0.274967)
(-0.004545 0.006524 0.238360)
(0.004513 -0.003626 0.089329)
(0.001924 0.004743 0.231369)
(-0.004774 -0.004107 0.166448)
(-0.001160 -0.004498 0.085582)
(0.001984 -0.005204 0.218365)
(0.000205 -0.002870 0.084702)
(0.003539 0.000116 0.004631)
(-0.002416 0.003108 0.262183)
(-0.006809 0.004531 0.096222)
(-0.000238 0.004805 0.207535)
(0.008356 0.003756 0.006945)
(0.001691 0.001658 0.126002)
(0.007852 0.003280 0.150673)
(-0.002970 -0.001122 0.033048)
(-0.000881 0.002107 0.144495)
(-0.008337 0.000753 0.219834)
(-0.005810 -0.004335 0.224814)
(-0.008231 0.008498 0.013057)
(0.006366 0.006499 0.235557)
(0.006158 0.007016 0.070041)
(-0.000582 0.002082 0.218578)
(0.000621 0.007721 0.292888)
(0.001291 -0.003152 0.078616)
(0.002565 -0.004356 0.027512)
(0.001793 -0.002606 0.176841)
(0.001413 -0.000824 0.185727)
(0.008530 0.000893 0.025251)
(0.002769 -0.003127 0.067733)
(-0.004513 -0.002099 0.079595)
(0.004375 0.000742 0.054342)
(0.001400 -0.000063 0.170816)
(0.007231 -0.007021 0.289549)
(0.004405 -0.004990 0.031307)
(0.008325 -0.002947 0.200445)
(-0.000857 -0.003154 0.031624)
(-0.008471 -0.007587 0.277892)
(-0.001000 -0.007541 0.081827)
(0.007849 0.000015 0.196233)
(-0.008062 -0.001361 0.018471)
(0.005299 0.007393 0.090766)
(-0.005156 0.004722 0.162964)
(0.004994 -0.005153 0.228424)
(0.006033 0.007308 0.233166)
(0.001049 0.004447 0.189747)
(0.005959 0.003089 0.217736)
(-0.004453 0.001852 0.137702)
(0.005754 -0.008734 0.024490)
(-0.005901 0.001562 0.249118)
(0.002086 0.003288 0.130268)
(0.007633 -0.006010 0.241115)
(0.001021 -0.001164 0.035398)
(0.008522 -0.001392 0.181142)
(-0.001187 0.006828 0.255677)
(0.004645 -0.002159 0.282483)
(-0.006162 0.006883 0.117319)
(0.005643 -0.004119 0.082389)
(0.009101 0.007094 0.043028)
(-0.008990 0.005149 0.141202)
(0.006641 -0.001434 0.164719)
(0.008394 -0.006730 0.068112)
(-0.001590 0.008293 0.090256)
(0.002497 -0.001326 0.227369)
(-0.003594 -0.001986 0.121309)
(-0.007796 -0.001204 0.218740)
(0.002059 -0.004746 0.018976)
(0.009105 -0.006221 0.055367)
(0.001549 0.005255 0.044447)
(-0.000768 0.005629 0.269007)
(-0.002765 0.004061 0.055959)
(-0.002610 -0.007111 0.266384)
(-0.008323 -0.008661 0.173931)
(0.000350 0.007422 0.161873)
(0.001328 -0.007558 0.052469)
(0.008003 0.003846 0.200098)
(0.005915 -0.002403 0.007004)
(0.004545 -0.001916 0.202129)
(-0.007744 -0.008797 0.114007)
(-0.005197 0.005680 0.280601)
(-0.008078 0.004755 0.035932)
(-0.007696 0.002568 0.203001)
(-0.003357 0.003171 0.093862)
(0.004561 0.002542 0.213486)
(0.005853 0.006645 0.278132)
(-0.005710 -0.001366 0.189520)
(-0.004907 -0.001672 0.244599)
(-0.008937 0.002603 0.283679)
(-0.000518 0.002964 0.071748)
(-0.006683 0.001192 0.139836)
(0.004477 0.008995 0.029178)
(0.007818 -0.008045 0.119280)
(0.000113 0.009158 0.000819)
(-0.009136 -0.008083 0.177947)
(-0.001584 -0.001255 0.232485)
(0.007262 -0.007176 0.211379)
(0.008482 -0.008286 0.215958)
(-0.005577 -0.007587 0.111100)
(-0.001112 0.005579 0.109893)
(0.000775 0.002841 0.037149)
(0.004236 0.005559 0.090931)
(0.008716 -0.005040 0.183550)
(-0.000011 0.000535 0.209514)
(0.008952 0.008597 0.133628)
(-0.002218 -0.002149 0.146448)
(-0.000947 -0.005668 0.137948)
(-0.009025 -0.000976 0.283080)
(-0.001422 0.005163 0.040904)
(-0.007729 0.000563 0.157718)
(0.005413 -0.008523 0.056496)
(0.002379 -0.002040 0.147316)
(0.008149 -0.008831 0.055500)
(0.008973 0.007952 0.034853)
(-0.007258 0.002198 0.258397)
(0.001623 -0.005561 0.218508)
(0.000945 0.001666 0.292002)
(0.005974 -0.001686 0.282504)
(-0.003458 0.004950 0.292186)
(0.007591 -0.000464 0.226159)
(0.006167 -0.001698 0.063101)
(0.008446 -0.000534 0.187804)
(0.003840 -0.004238 0.252062)
(-0.006415 0.004686 0.009502)
(0.003271 0.002080 0.203143)
(0.000296 0.006089 0.104211)
(-0.000105 0.005620 0.245464)
(-0.007315 0.009018 0.293635)
(0.006606 -0.003711 0.143667)
(-0.004467 0.007179 0.151698)
(-0.009030 0.003392 0.071595)
(-0.003629 0.005773 0.166644)
(0.002649 -0.001949 0.221957)
(-0.000764 -0.007596 0.042838)
(-0.008663 -0.008624 0.187194)
(-0.002350 -0.001855 0.225959)
(-0.003141 -0.006421 0.171636)
(0.004737 0.002841 0.173354)
(-0.006454 -0.007226 0.191400)
(0.006848 -0.000323 0.215460)
(0.005792 0.004333 0.189893)
(0.006116 -0.004698 0.068356)
(0.006395 -0.000246 0.076849)
(-0.007620 -0.007693 0.122443)
(-0.006769 -0.000305 0.156001)
(-0.006819 0.006363 0.002981)
(-0.002262 -0.006206 0.243230)
(-0.007031 -0.000485 0.203425)
(0.000580 0.000814 0.229929)
(-0.002164 -0.007823 0.208464)
(0.007578 0.008397 0.195244)
(-0.007487 0.007399 0.298764)
(-0.003735 0.004257 0.014753)
(0.001110 -0.006527 0.035401)
(-0.004110 -0.003118 0.054278)
(-0.001801 -0.009070 0.092028)
(-0.001541 -0.001743 0.114274)
(-0.002647 0.004858 0.151270)
(0.002210 0.003485 0.248489)
(0.007244 0.006736 0.036662)
(0.004337 0.008609 0.014409)
(0.005070 -0.000755 0.224185)
(-0.003136 0.000933 0.111595)
(-0.003872 0.008452 0.207225)
(0.008912 0.002588 0.121634)
(-0.006157 -0.003126 0.019695)
(0.001935 -0.002211 0.166065)
(-0.006982 0.001928 0.290967)
(0.005018 0.007719 0.103495)
(0.005255 -0.008084 0.003075)
(0.000853 -0.000088 0.035220)
(-0.007214 -0.007704 0.106625)
(0.008773 -0.005255 0.122152)
(-0.005110 -0.009179 0.289164)
(0.007508 0.007469 0.062651)
(-0.000138 -0.001546 0.164709)
(0.002440 -0.005395 0.299959)
(0.004585 -0.006036 0.014829)
(-0.001683 -0.002375 0.002191)
(0.007734 0.008933 0.096692)
(-0.006850 -0.007019 0.084294)
(-0.004225 -0.004556 0.022796)
(0.004286 -0.005059 0.196790)
(0.005175 -0.009044 0.072225)
(-0.008386 -0.006555 0.125473)
(-0.007290 0.001769 0.276184)
(-0.007263 0.001367 0.284740)
(0.007853 0.005683 0.025835)
(-0.001928 -0.003055 0.077903)
(0.002239 -0.002488 0.106398)
(-0.004350 0.002230 0.066101)
(-0.004505 0.008121 0.076830)
(0.008878 -0.000311 0.061442)
(0.006202 -0.003058 0.139400)
(0.007494 -0.000904 0.293361)
(-0.001345 -0.004934 0.224809)
(-0.005101 0.009163 0.282974)
(-0.001233 -0.005236 0.140389)
(0.002354 -0.004155 0.062164)
(0.002783 0.007383 0.292148)
(-0.008967 0.004755 0.085061)
(-0.005042 -0.000914 0.049427)
(0.006670 0.005942 0.223138)
(0.000365 0.003847 0.035990)
(-0.000864 0.006319 0.256149)
(0.006041 0.000506 0.066957)
(0.005375 0.007854 0.121942)
(-0.002999 0.004253 0.048701)
(0.008298 -0.003398 0.166362)
(-0.008986 0.003374 0.284990)
(0.002515 -0.007635 0.035567)
(-0.002784 0.007880 0.221924)
(-0.005281 -0.005598 0.106993)
(-0.001707 0.002311 0.187998)
(0.005996 -0.000767 0.023140)
(0.008575 -0.005398 0.103451)
(-0.000641 -0.005702 0.241662)
(-0.006623 0.004590 0.252277)
(-0.007006 -0.005918 0.025811)
(-0.002946 -0.004963 0.027445)
(-0.003208 -0.006958 0.132322)
(0.004783 -0.003366 0.204585)
(-0.006298 0.003616 0.107455)
(0.003206 0.001955 0.096416)
(-0.006760 0.004583 0.034448)
(0.004937 0.001379 0.000239)
(0.001116 0.002391 0.275649)
(-0.007738 -0.003638 0.214864)
(0.006667 0.002753 0.119545)
(0.004013 -0.007360 0.161851)
(0.003684 -0.006571 0.115067)
(0.005958 0.006673 0.018320)
(-0.006799 -0.005153 0.137816)
(-0.002845 -0.006651 0.245390)
(0.004820 -0.006210 0.275224)
(-0.002634 0.006105 0.250536)
(0.008199 -0.008372 0.162184)
(0.008895 -0.002622 0.020106)
(0.006940 -0.004333 0.226485)
(0.000733 -0.003797 0.021962)
(0.008204 -0.007530 0.168940)
(-0.002956 0.007744 0.034075)
(-0.001783 0.008059 0.093634)
(0.006069 0.006829 0.126937)
(-0.002674 0.001235 0.111208)
(0.005072 0.007881 0.186765)
(-0.002062 -0.001684 0.281451)
(0.003555 0.007615 0.022082)
(0.004473 0.000304 0.230353)
(-0.004551 0.008124 0.169829)
(-0.001552 0.004538 0.020214)
(-0.006512 0.006469 0.298257)
(0.005568 0.001159 0.241011)
(-0.002154 -0.001141 0.166497)
(-0.004541 -0.008251 0.186716)
(-0.001279 0.008488 0.284407)
(-0.004527 -0.009132 0.001586)
(0.004919 -0.002040 0.143797)
(-0.005141 0.003930 0.276587)
(0.001996 -0.008107 0.140642)
(0.005502 0.006900 0.290885)
(-0.008823 -0.001374 0.038343)
(0.003493 -0.002035 0.014168)
(0.003701 -0.008519 0.146458)
(0.005713 0.003749 0.251259)
(0.007248 0.002814 0.104662)
(-0.007693 0.005385 0.263388)
(-0.005489 0.001697 0.044944)
(-0.006811 0.001299 0.014483)
(-0.006194 -0.008841 0.005169)
(-0.006052 0.005206 0.150331)
(-0.007259 0.001258 0.116331)
(0.008434 -0.001517 0.287566)
(-0.005758 -0.006326 0.217871)
(0.008018 -0.006481 0.106844)
(0.003124 0.006179 0.072483)
(0.003988 -0.005293 0.174353)
(0.005997 -0.008679 0.027297)
(0.004969 -0.001440 0.096029)
(-0.008399 -0.007068 0.231407)
(0.007394 0.005349 0.238013)
(-0.005942 -0.001028 0.166284)
(0.008061 -0.005547 0.284803)
(0.006453 -0.001023 0.193863)
(0.000807 -0.007964 0.130125)
(0.006669 -0.005858 0.018388)
(0.007755 0.003564 0.071814)
(-0.005205 -0.008226 0.269343)
(-0.001827 0.002625 0.177886)
(0.007491 -0.002823 0.281987)
(0.000216 0.006290 0.143345)
(-0.005304 0.000848 0.052586)
(0.005464 0.008164 0.199226)
(-0.006348 -0.008433 0.241201)
(-0.000361 0.005174 0.119205)
(0.006249 0.001179 0.182986)
(0.005454 0.001090 0.183318)
(0.001237 -0.006604 0.232956)
(0.005360 -0.003814 0.117896)
(0.001258 -0.002012 0.161701)
(0.000383 -0.003981 0.288145)
(-0.002945 0.005970 0.215650)
(-0.006387 0.005051 0.245681)
(-0.006901 0.008059 0.121156)
(0.000399 -0.000927 0.090034)
(0.008795 -0.008587 0.234078)
(-0.000809 0.002061 0.089065)
(-0.003720 -0.009156 0.114610)
(-0.001397 -0.006161 0.086711)
(0.001743 -0.009115 0.116035)
(0.003500 0.007967 0.039793)
(0.002583 0.005883 0.128571)
(-0.004194 -0.007369 0.113820)
(0.009161 -0.008805 0.255367)
(-0.007938 0.005347 0.215726)
(-0.000950 -0.005215 0.105225)
(0.001736 -0.004851 0.284403)
(-0.006601 0.000467 0.213414)
(0.006145 0.001041 0.078424)
(-0.004596 0.000086 0.031932)
(-0.002115 -0.008365 0.060795)
(-0.003822 -0.003394 0.296059)
(-0.000759 -0.005702 0.276879)
(0.002469 -0.000371 0.110269)
(-0.006915 -0.006023 0.005227)
(0.007186 0.003548 0.075874)
(0.007665 0.007717 0.052162)
(-0.002842 -0.007803 0.080869)
(0.005083 -0.007625 0.101177)
(-0.002852 0.004038 0.077680)
(-0.007896 -0.001040 0.103775)
(0.003317 0.008744 0.212058)
(0.006445 0.002635 0.094911)
(-0.008787 0.006532 0.221201)
(0.002988 -0.002978 0.224443)
(0.001695 0.008939 0.081529)
(-0.003532 0.003229 0.014375)
(0.006430 0.004905 0.196560)
(0.001546 -0.000639 0.295909)
(0.004407 0.005485 0.193176)
(0.004054 -0.006136 0.023926)
(-0.002953 0.006896 0.200598)
(-0.003672 -0.002225 0.242950)
(0.008620 -0.003442 0.073847)
(0.006455 0.004629 0.102999)
(-0.008686 -0.002822 0.188864)
(-0.008006 -0.000454 0.041427)
(-0.003300 -0.005010 0.237623)
(-0.002261 0.006035 0.211170)
(0.000119 -0.009063 0.258460)
(0.001538 0.007033 0.036564)
(0.004559 0.001597 0.276096)
(-0.000272 -0.003983 0.043608)
(0.003603 0.004210 0.284694)
(-0.008490 -0.003881 0.299627)
(-0.007098 0.003927 0.034098)
(0.000756 0.001048 0.227630)
(-0.005717 0.003919 0.083278)
(0.003194 -0.007989 0.200899)
(-0.002932 0.004053 0.063776)
(0.000297 0.006455 0.165290)
(0.002617 -0.008393 0.109932)
(0.004308 0.005014 0.086677)
(-0.002826 0.003655 0.280022)
(-0.002040 0.004407 0.069674)
(-0.007172 -0.008501 0.047689)
(-0.008008 -0.000441 0.198763)
(-0.003011 0.001393 0.244499)
(0.000661 0.007700 0.241508)
(0.004140 0.006874 0.289506)
(0.003862 -0.005117 0.283004)
(0.001553 -0.009172 0.154732)
(-0.000318 -0.003340 0.268831)
(-0.003459 0.000243 0.262167)
(0.000299 -0.005700 0.178154)
(-0.005157 0.003049 0.096092)
(-0.005146 0.007528 0.006762)
(-0.004333 0.003289 0.047535)
(-0.004071 0.000208 0.007238)
(-0.008661 -0.000353 0.279106)
(0.005904 0.009141 0.190368)
(0.001042 0.000816 0.116213)
(0.008990 0.009170 0.054692)
(-0.007434 -0.002518 0.188513)
(0.003078 -0.008498 0.112991)
(-0.000006 -0.002408 0.094198)
(0.004113 0.002459 0.201935)
(-0.006148 -0.000478 0.298450)
(-0.005914 0.007073 0.261911)
(-0.004152 -0.004370 0.177246)
(0.001796 0.002657 0.244958)
(0.003178 -0.007507 0.287083)
(-0.002383 -0.003342 0.261007)
(0.001663 0.006366 0.118173)
(0.005396 -0.004431 0.136459)
(0.009195 -0.001094 0.267650)
(-0.000468 -0.005461 0.190482)
(0.001657 0.001771 0.184060)
(-0.008848 -0.001394 0.266279)
(0.006489 0.006441 0.133040)
(0.000124 0.004846 0.104485)
(0.005147 0.008040 0.158122)
(0.006525 -0.001858 0.229669)
(0.004718 0.000026 0.184235)
(-0.002702 0.008428 0.190976)
(0.006835 -0.008718 0.079063)
(-0.006368 -0.000174 0.041504)
(-0.007741 0.001548 0.251888)
(-0.003553 -0.004028 0.261167)
(-0.000267 -0.000328 0.208608)
(0.007872 -0.007164 0.019298)
(-0.003800 0.006749 0.022820)
(-0.001979 0.000494 0.025555)
(-0.007556 -0.000200 0.279638)
(-0.005433 -0.000146 0.154450)
(0.006877 -0.000664 0.018590)
(0.003458 -0.006567 0.109099)
(-0.000222 0.001710 0.132186)
(-0.002270 0.005477 0.114849)
(-0.008293 0.009162 0.295607)
(0.002494 -0.001412 0.140676)
(-0.000813 0.008532 0.218448)
(-0.002482 -0.001979 0.119592)
(-0.008856 0.003718 0.120947)
(0.005424 0.000954 0.222112)
(0.007364 -0.004922 0.241365)
(-0.002543 -0.003983 0.099741)
(-0.000045 0.007573 0.050798)
(0.003195 -0.003384 0.069128)
(0.000663 0.005489 0.258242)
(-0.006798 0.008540 0.012901)
(0.008557 0.004219 0.094803)
(0.003582 0.008074 0.058867)
(0.005986 -0.003997 0.064199)
(-0.005168 -0.003983 0.287787)
(0.006625 0.002507 0.228990)
(0.001573 -0.002572 0.289562)
(0.008723 -0.006392 0.008647)
(0.007258 -0.008624 0.115948)
(0.001561 0.007470 0.039313)
(-0.006981 0.001258 0.214312)
(0.003536 0.000869 0.226691)
(0.005386 0.001344 0.049406)
(0.002135 0.008393 0.008302)
(0.002283 -0.001532 0.178180)
(-0.002884 0.000488 0.026123)
(0.005258 0.004071 0.177065)
(-0.008357 -0.008999 0.292868)
(-0.007412 -0.008873 0.164572)
(0.001515 -0.007914 0.199268)
(-0.003403 -0.008353 0.035104)
(0.005883 0.008837 0.258135)
(0.005702 0.008991 0.165115)
(-0.009133 0.001466 0.041459)
(-0.000240 0.003458 0.195908)
(0.005251 -0.006425 0.015691)
(-0.006180 0.002424 0.080244)
(0.001310 -0.002302 0.025861)
(0.001915 -0.004698 0.113357)
(-0.004336 0.002752 0.093249)
(-0.002079 -0.004398 0.046159)
(-0.001230 -0.006248 0.140219)
(0.002567 -0.002535 0.088363)
(0.003914 0.008975 0.254517)
(0.006281 0.004719 0.043312)
(-0.009127 -0.003206 0.166769)
(0.006376 -0.000555 0.037835)
(0.005218 0.002018 0.210700)
(0.002375 -0.008779 0.286989)
(-0.002610 0.007271 0.119052)
(-0.005722 -0.005178 0.217897)
(-0.003900 -0.000008 0.263426)
(0.002450 0.000166 0.140796)
(0.004464 -0.000589 0.189866)
(0.000996 -0.001331 0.164355)
(-0.005603 -0.007524 0.077853)
(-0.003243 -0.000491 0.200676)
(0.008929 0.009082 0.299972)
(0.001840 0.000401 0.060858)
(-0.001334 0.004566 0.239601)
(-0.005678 -0.008519 0.032433)
(0.006899 -0.005668 0.008455)
(0.000266 0.001766 0.104040)
(-0.008548 -0.000788 0.108301)
(-0.009037 0.008459 0.072369)
(0.005754 0.002337 0.296229)
(-0.004788 0.002764 0.137792)
(-0.002960 -0.002042 0.290503)
(-0.006026 0.006155 0.245119)
(0.004380 -0.004560 0.038071)
(-0.004351 -0.007313 0.044068)
(-0.002558 0.004477 0.103618)
(0.004373 -0.001508 0.288962)
(-0.002461 -0.001449 0.130682)
(-0.000458 -0.001536 0.258167)
(-0.008356 -0.005486 0.002810)
(-0.001568 -0.002994 0.171753)
(0.007212 0.002661 0.229427)
(0.005394 -0.002024 0.214381)
(0.002602 -0.000590 0.036730)
(-0.007421 -0.005264 0.210515)
(-0.007348 0.001154 0.277644)
(0.004273 0.001874 0.087735)
(0.007957 0.009011 0.087153)
(-0.002743 0.006655 0.253524)
(-0.008653 -0.004114 0.118080)
(-0.004558 0.000949 0.167946)
(0.007052 0.006284 0.157871)
(0.000555 0.000688 0.137877)
(-0.000883 0.007121 0.276031)
(-0.004059 -0.005040 0.249162)
(-0.008150 -0.000918 0.134779)
(-0.004706 0.004442 0.268006)
(0.008654 -0.000505 0.123293)
(0.008978 -0.002497 0.058412)
(-0.008849 0.003654 0.066510)
(-0.002044 0.001484 0.010176)
(-0.008079 -0.007924 0.180107)
(-0.004204 0.004019 0.267430)
(0.008296 0.006067 0.214572)
(-0.002974 -0.002153 0.248889)
(0.007851 -0.002925 0.079091)
(-0.006874 0.000037 0.015742)
(0.004677 -0.000587 0.112563)
(0.001070 0.007439 0.260132)
(0.001403 0.004762 0.155872)
(-0.001256 -0.000137 0.136517)
(-0.001892 -0.009094 0.134740)
(-0.006092 0.008566 0.158670)
(-0.007789 -0.004830 0.164156)
(0.006807 -0.002838 0.202696)
(0.003855 0.002166 0.223724)
(0.006928 0.003546 0.038992)
(0.003319 0.007506 0.011646)
(-0.007689 0.003007 0.164621)
(-0.000904 -0.001270 0.268624)
(0.008350 0.002999 0.173983)
(0.002855 0.008775 0.139452)
(-0.003372 0.006723 0.186854)
(-0.009114 -0.003156 0.078108)
(0.007273 0.008719 0.098323)
(-0.004345 -0.006509 0.277332)
(0.003299 -0.000585 0.195418)
(-0.003046 -0.002943 0.282587)
(-0.005631 -0.007197 0.165098)
(-0.000244 0.004102 0.076061)
(0.006333 0.008710 0.025311)
(0.004761 0.005818 0.186767)
(-0.006831 -0.003140 0.219718)
(-0.001803 0.000006 0.228283)
(-0.000133 -0.002372 0.282115)
(0.002026 -0.008961 0.130305)
(0.008289 0.004612 0.083815)
(0.006360 -0.006515 0.123457)
(-0.002839 -0.004721 0.010110)
(0.000280 -0.000987 0.291348)
(0.007109 0.004112 0.299824)
(0.006358 -0.002799 0.117858)
(-0.001661 -0.000213 0.066404)
(-0.005344 0.007116 0.295349)
(0.007251 -0.000074 0.151880)
(0.004469 -0.005298 0.066384)
(0.001694 -0.003338 0.133426)
(-0.007155 -0.005915 0.247232)
(-0.001048 -0.000082 0.162101)
(-0.006757 0.006089 0.051669)
(-0.002875 -0.005622 0.269642)
(0.005941 0.004560 0.095957)
(-0.003118 0.001523 0.262059)
(0.007048 -0.001293 0.161691)
(-0.002097 0.001669 0.250399)
(0.003645 -0.004512 0.102735)
(-0.008258 -0.002559 0.189081)
(-0.005470 0.006561 0.086739)
(-0.007770 0.002562 0.123556)
(0.002125 0.004482 0.138034)
(0.000848 -0.001627 0.208911)
(-0.006165 -0.008053 0.022835)
(0.007766 0.008017 0.155444)
(-0.003052 0.005024 0.188018)
(-0.001289 -0.006243 0.225077)
(-0.001759 0.004095 0.043345)
(-0.008628 0.002081 0.148076)
(-0.001818 0.001817 0.062289)
(0.001088 -0.002310 0.183723)
(0.008575 -0.008269 0.082489)
(0.002702 -0.003467 0.042511)
(-0.002890 -0.007319 0.060474)
(0.000583 0.000432 0.083004)
(-0.003099 -0.004028 0.261143)
(0.008566 0.000458 0.231372)
(0.005848 0.006878 0.104802)
(0.005777 0.006358 0.233483)
(0.004862 0.004835 0.042310)
(-0.004503 -0.005638 0.187396)
(0.005766 0.006121 0.253422)
(0.001256 -0.000975 0.085667)
(-0.000680 0.006971 0.082432)
(0.003398 -0.006730 0.236822)
(0.004187 0.008799 0.039691)
(-0.002163 -0.003480 0.145417)
(-0.009046 0.003609 0.009420)
(-0.006938 -0.004819 0.217439)
(-0.004102 -0.008675 0.094598)
(-0.008027 -0.006839 0.051996)
(0.003220 0.002101 0.277834)
(-0.008293 -0.001292 0.000906)
(-0.008198 0.002697 0.062433)
(0.000502 0.004872 0.024255)
(-0.008401 -0.008126 0.140248)
(-0.005178 0.000477 0.103257)
(0.004649 -0.005348 0.057908)
(-0.004082 0.001422 0.080375)
(0.001837 -0.007410 0.285220)
(0.000994 0.004977 0.037356)
(-0.001134 -0.005150 0.265806)
(0.003381 0.002714 0.262421)
(-0.000375 0.006049 0.190208)
(0.002686 -0.000289 0.248140)
(0.007262 -0.000309 0.285188)
(0.002145 0.005628 0.111847)
(0.008716 -0.001264 0.114669)
(0.003213 -0.001933 0.202300)
(-0.005191 0.006878 0.286260)
(0.000074 0.000515 0.274221)
(0.001135 0.002658 0.041195)
(0.002327 -0.005753 0.251330)
(-0.007145 0.004742 0.133490)
(-0.007550 -0.000848 0.297406)
(-0.005797 -0.003388 0.190461)
(-0.006272 0.003810 0.102452)
(-0.005146 -0.005368 0.092378)
(0.005824 0.001284 0.121390)
(-0.002373 0.004404 0.282682)
(-0.007437 0.005801 0.261973)
(-0.006123 0.008135 0.016292)
(0.001603 0.007985 0.295239)
(0.005512 -0.002221 0.024499)
(0.007411 0.007176 0.062209)
(-0.005765 0.008662 0.241307)
(-0.003075 -0.008688 0.299275)
(0.004779 -0.007594 0.266665)
(0.003921 0.002046 0.273131)
(0.001836 -0.000219 0.175751)
(-0.005822 0.005464 0.202748)
(0.006495 -0.008142 0.035708)
(0.005286 0.000366 0.161032)
(-0.008396 -0.001835 0.179670)
(-0.008943 -0.001020 0.035505)
(0.005082 -0.004277 0.150753)
(0.004203 -0.000261 0.062132)
(0.008289 -0.000317 0.001449)
(0.005708 0.001450 0.150149)
(0.008392 0.009112 0.229486)
(0.002056 -0.006567 0.253049)
(0.008312 0.004191 0.089053)
(-0.008317 0.006516 0.276243)
(-0.004544 0.002572 0.048819)
(-0.001294 -0.004184 0.161934)
(-0.001502 -0.004864 0.198966)
(0.008218 -0.000749 0.254269)
(-0.001859 -0.001291 0.169937)
(0.001187 -0.006553 0.102871)
(-0.007589 0.007871 0.026321)
(-0.008452 0.006260 0.072151)
(0.007391 -0.004596 0.044706)
(-0.003443 -0.005338 0.038602)
(0.008308 -0.001434 0.127612)
(-0.003634 0.005921 0.204207)
(0.007248 0.007875 0.247602)
(-0.004916 0.005809 0.280654)
(0.005652 0.000106 0.268728)
(-0.004745 0.006723 0.169252)
(-0.000018 0.005128 0.220204)
(0.002697 -0.003654 0.169328)
(-0.003244 -0.003765 0.259285)
(-0.002597 -0.006712 0.187831)
(0.008732 -0.000862 0.134000)
(-0.006425 -0.002970 0.220243)
(-0.008093 -0.008993 0.099652)
(0.001726 0.001237 0.162698)
(0.000455 0.002113 0.045917)
(-0.005924 0.001420 0.134789)
(-0.001788 0.002917 0.299328)
(0.004286 0.007895 0.107097)
(-0.006062 -0.005293 0.241310)
(-0.007327 -0.008924 0.113655)
(0.008230 -0.001866 0.292072)
(-0.007386 -0.004496 0.237881)
(0.002777 -0.001875 0.229744)
(0.008452 -0.005520 0.013965)
(0.008075 -0.004913 0.068855)
(-0.003484 0.007533 0.221963)
(-0.000313 0.002558 0.049169)
(-0.005186 0.003576 0.181279)
(-0.001302 0.000280 0.205701)
(0.001782 -0.005371 0.005638)
(0.004814 0.001856 0.001798)
(-0.002655 0.003588 0.281894)
(-0.000593 -0.006129 0.194203)
(0.005502 0.007008 0.298114)
(-0.005957 -0.002939 0.127342)
(-0.005819 -0.002114 0.198018)
(-0.005823 0.000823 0.211420)
(0.004323 -0.006635 0.189921)
(0.004419 0.002110 0.249175)
(-0.008559 0.008235 0.112971)
(-0.001102 0.006191 0.188719)
(-0.008448 0.008966 0.142340)
(0.008018 -0.000369 0.149396)
(-0.008970 -0.005099 0.107072)
(0.006997 0.004824 0.008270)
(0.001601 -0.000669 0.245536)
(-0.004163 -0.002875 0.001265)
(0.000376 -0.005164 0.269421)
(-0.007604 -0.004515 0.203496)
(-0.008726 0.005660 0.283361)
(0.002438 -0.000529 0.119580)
(0.007862 0.005730 0.274861)
(-0.001870 0.007189 0.046009)
(-0.006402 0.007867 0.113946)
(0.001208 0.002293 0.164137)
(-0.002477 0.007369 0.052965)
(0.007163 -0.000641 0.125632)
(0.003422 0.005697 0.007705)
(0.008716 -0.002074 0.033959)
(0.001753 0.001933 0.180905)
(0.004810 -0.008248 0.060344)
(0.003019 -0.005342 0.218157)
(0.006061 0.005955 0.100307)
(-0.008728 -0.005443 0.250058)
(-0.005518 -0.006232 0.069015)
(-0.000887 -0.002242 0.100829)
(-0.002400 0.001834 0.164814)
(-0.005393 -0.001296 0.195540)
(-0.008040 0.008402 0.063431)
(0.005898 0.000362 0.064083)
(0.003920 -0.001152 0.290233)
(0.006866 -0.000702 0.105056)
(0.001526 -0.003052 0.059192)
(-0.006485 0.004080 0.248297)
(0.004991 -0.003550 0.023557)
(-0.008585 -0.002497 0.098629)
(-0.003901 -0.005570 0.029738)
(0.004550 -0.002079 0.246399)
(-0.008969 -0.004547 0.083947)
(0.004181 0.007011 0.038355)
(-0.004494 0.005084 0.029352)
(-0.007977 0.003721 0.104748)
(0.001369 -0.005585 0.044323)
(0.005825 -0.009091 0.296373)
(-0.008866 -0.005952 0.180945)
(-0.005581 -0.004104 0.190093)
(-0.006461 0.001533 0.036777)
(0.007030 0.008740 0.122173)
(-0.006086 0.008573 0.081075)
(-0.008460 -0.003271 0.288724)
(0.000359 -0.001766 0.110639)
(0.004407 0.004322 0.294231)
(0.001359 -0.005522 0.146572)
(0.005152 0.001283 0.021923)
(-0.003732 0.003819 0.005185)
(-0.007406 0.001052 0.075210)
(-0.005148 -0.003638 0.153206)
(-0.003143 -0.002405 0.091218)
(0.002997 -0.006589 0.169086)
(-0.008786 0.003116 0.026972)
(-0.005333 0.007343 0.066434)
(0.004585 0.005908 0.290996)
(-0.005354 -0.000687 0.169168)
(0.002917 0.004073 0.154800)
(0.008715 -0.004013 0.182763)
(0.001462 -0.003612 0.001046)
(0.007906 -0.006204 0.258254)
(0.007076 -0.008262 0.132959)
(-0.004012 0.007365 0.211800)
(-0.000860 0.002601 0.117150)
(0.004978 0.007811 0.288481)
(-0.002728 -0.005333 0.206950)
(0.004554 -0.008632 0.134891)
(0.003854 0.008566 0.237332)
(-0.005397 -0.003010 0.218415)
(-0.005381 -0.004832 0.022885)
(0.008578 0.005840 0.262318)
(-0.006199 -0.008551 0.205938)
(-0.006386 -0.006184 0.024195)
(-0.007805 -0.003504 0.158744)
(-0.002668 -0.008752 0.263351)
(0.001538 -0.000319 0.293092)
(0.002851 0.008077 0.122923)
(0.006822 -0.005103 0.240231)
(0.000456 -0.001171 0.223716)
(0.007670 -0.001414 0.212965)
(0.007766 -0.004112 0.267651)
(0.006547 0.002553 0.148244)
(-0.003927 -0.005266 0.186326)
(-0.004603 0.007558 0.227769)
(-0.006469 0.007795 0.294561)
(0.002227 -0.006248 0.236547)
(-0.004468 -0.003801 0.287020)
(0.008887 -0.005046 0.236607)
(-0.000645 -0.004263 0.131496)
(0.003216 -0.006092 0.191340)
(0.000153 0.009165 0.162341)
(0.006875 0.004234 0.295840)
(-0.003721 -0.001446 0.221969)
(-0.002185 0.007154 0.287475)
(-0.003411 -0.004168 0.145066)
(-0.007036 0.002718 0.150027)
(0.006358 0.003002 0.216706)
(0.000740 -0.007344 0.151816)
(0.004961 -0.006020 0.095141)
(0.006953 -0.008434 0.256514)
(0.008591 0.002150 0.210166)
(0.001040 -0.008399 0.295624)
(-0.006088 -0.002175 0.023000)
(-0.002984 0.008785 0.226742)
(-0.003685 -0.000372 0.268917)
(-0.006812 0.006283 0.086566)
(-0.003262 0.006359 0.279417)
(0.008844 -0.005015 0.040832)
(-0.007882 0.002095 0.040396)
(-0.007073 -0.005240 0.040338)
(-0.004336 0.000486 0.118740)
(0.004986 -0.001470 0.234551)
(0.004112 0.007442 0.132232)
(-0.000106 -0.002610 0.135610)
(0.001452 -0.000417 0.141864)
(-0.004672 0.000017 0.072926)
(0.003007 0.001885 0.026710)
(0.007303 -0.001060 0.265824)
(0.000744 -0.008470 0.288073)
(-0.000204 -0.002512 0.196909)
(-0.006803 -0.004229 0.288957)
(0.001244 -0.007227 0.180743)
(0.008983 0.003316 0.197985)
(0.004627 0.004401 0.172544)
(-0.003080 0.000167 0.284169)
(-0.005263 0.002654 0.133036)
(-0.008276 0.003719 0.005153)
(-0.002157 0.008724 0.250547)
(0.004598 0.000251 0.033627)
(0.000144 -0.003666 0.052465)
(0.002249 -0.002860 0.178588)
(-0.005906 0.002639 0.082684)
(0.005623 -0.001517 0.185799)
(-0.008222 0.006104 0.228694)
(0.001083 -0.003540 0.221067)
(-0.003214 -0.002211 0.084470)
(-0.003661 0.005649 0.026397)
(0.001227 -0.006157 0.052156)
(0.008846 0.001211 0.260321)
(0.008076 -0.005157 0.043978)
(-0.003484 -0.007579 0.164118)
(-0.003177 -0.007766 0.148383)
(0.005275 0.001081 0.066659)
(-0.007748 -0.008379 0.079876)
(0.002252 -0.005394 0.285894)
(-0.004834 -0.006071 0.217034)
(0.000201 0.005272 0.278028)
(0.002874 0.009124 0.277035)
(0.003521 -0.005995 0.060511)
(0.008024 -0.002835 0.074981)
(-0.001608 0.002498 0.116931)
(-0.002028 -0.007970 0.124913)
(0.008718 -0.005639 0.016251)
(0.002284 -0.002399 0.258667)
(-0.000026 0.008564 0.253052)
(-0.000641 0.007766 0.165959)
(0.001016 0.008152 0.021004)
(0.007453 0.001542 0.154157)
(0.001414 0.007875 0.210668)
(-0.007933 0.001170 0.087244)
(0.002446 0.005947 0.048123)
(0.008986 0.005926 0.031192)
(-0.004070 0.000776 0.285183)
(-0.001825 -0.007245 0.050014)
(0.003422 0.007337 0.245618)
(-0.002198 -0.002749 0.001217)
(-0.008299 -0.005986 0.136151)
(-0.008033 0.000136 0.008720)
(-0.004735 0.000100 0.209773)
(0.003368 0.002943 0.011522)
(0.008403 -0.003084 0.134505)
(0.003972 0.005365 0.156694)
(0.000804 0.005166 0.190614)
(0.002000 0.002666 0.226975)
(-0.004264 -0.006691 0.204672)
(-0.001379 0.001986 0.049020)
(-0.005257 -0.002120 0.295921)
(0.000085 -0.008205 0.073820)
(0.005730 -0.005992 0.215894)
(-0.002443 -0.008025 0.295664)
(-0.004209 -0.002593 0.051467)
(-0.000381 0.003634 0.041048)
(0.005893 0.006309 0.059159)
(-0.000225 -0.002343 0.011528)
(0.003820 -0.001116 0.299868)
(0.006521 -0.007859 0.026911)
(-0.006427 -0.006564 0.182243)
(0.007235 -0.005903 0.269799)
(0.004502 -0.006466 0.221896)
(-0.007332 0.002584 0.262670)
(0.004620 -0.004602 0.022725)
(0.006693 0.006636 0.191178)
(0.007950 -0.000227 0.053485)
(0.006885 -0.000399 0.139890)
(-0.008001 0.000549 0.136013)
(0.007254 0.008611 0.263427)
(0.000360 -0.003150 0.237900)
(0.002258 -0.007067 0.146787)
(-0.001319 0.006329 0.207651)
(0.005231 0.003857 0.084973)
(0.008460 -0.002692 0.108678)
(-0.003817 0.002306 0.154076)
(-0.005946 -0.008915 0.161044)
(0.009172 0.004388 0.154681)
(-0.001129 -0.001807 0.022132)
(0.006442 0.002085 0.098933)
(0.004544 -0.001604 0.198193)
(-0.007443 -0.000109 0.110835)
(0.005782 -0.007212 0.126529)
(-0.008697 0.005680 0.021434)
(0.007632 -0.009099 0.012411)
(-0.003791 -0.006894 0.134933)
(0.007809 -0.000721 0.126246)
(-0.004355 0.002608 0.191242)
(0.006429 -0.000655 0.261566)
(-0.002258 0.008353 0.261687)
(-0.004945 -0.006044 0.258930)
(-0.000960 -0.002222 0.230926)
(0.004825 -0.004763 0.028402)
(0.005337 0.002615 0.127592)
(0.003828 0.008165 0.295398)
(0.003799 0.006263 0.015464)
(-0.007965 0.004554 0.087384)
(-0.008033 -0.002743 0.290158)
(-0.001485 0.005079 0.179050)
(0.003936 -0.001113 0.189933)
(-0.008773 -0.005012 0.212199)
(0.000100 -0.005426 0.250775)
(-0.004276 -0.003704 0.258222)
(0.008006 0.003825 0.202925)
(0.008353 0.008704 0.165134)
(0.001801 -0.001677 0.058302)
(-0.004136 -0.007513 0.215308)
(0.003639 0.006157 0.296312)
(0.002947 0.000260 0.079019)
(0.001807 0.003332 0.181459)
(0.007264 -0.006921 0.141564)
(-0.001765 -0.006292 0.291681)
(0.007588 -0.002514 0.188277)
(0.001562 0.002196 0.009131)
(0.007409 -0.006615 0.291957)
(-0.008711 0.000007 0.123247)
(0.000522 -0.009119 0.200852)
(-0.004617 -0.003600 0.002187)
(-0.005618 -0.003372 0.010523)
(-0.000280 -0.007578 0.083939)
(-0.002382 -0.007722 0.071201)
(0.004146 -0.004963 0.134593)
(-0.008223 0.005524 0.261247)
(-0.002462 -0.001789 0.113173)
(0.000647 -0.001694 0.011466)
(-0.000928 0.003647 0.209999)
(-0.008760 0.008764 0.099186)
(0.001415 0.008370 0.186166)
(-0.000797 -0.002730 0.171468)
(0.007550 0.008407 0.140930)
(0.006818 0.001862 0.239286)
(0.000403 -0.008141 0.034352)
(-0.006764 -0.000594 0.204896)
(-0.002856 0.004852 0.166464)
(-0.007599 0.000115 0.008262)
(0.003620 0.001517 0.248494)
(0.000374 0.006752 0.277180)
(0.004059 0.001162 0.113880)
(0.002978 0.008133 0.048995)
(0.006783 0.002280 0.018223)
(0.000436 0.005678 0.267803)
(0.001223 0.003559 0.273664)
(-0.001436 -0.008146 0.255409)
(0.002527 -0.007143 0.196627)
(0.004448 -0.002678 0.033254)
(-0.003382 -0.005072 0.173734)
(-0.008486 -0.001031 0.088633)
(0.005325 0.006272 0.232528)
(0.000006 -0.008538 0.130314)
(0.007845 0.005012 0.285098)
(0.007114 0.006587 0.038557)
(0.004247 -0.006995 0.103556)
(0.003953 -0.001100 0.101310)
(-0.006554 -0.000524 0.235556)
(0.008956 0.004481 0.023959)
(-0.008291 -0.003410 0.187971)
(-0.005664 -0.008127 0.126351)
(0.002781 0.004689 0.288874)
(0.000592 0.001317 0.069637)
(0.002625 -0.001546 0.123297)
(-0.001507 -0.006804 0.294382)
(-0.001014 -0.003494 0.250809)
(0.003297 0.004660 0.137746)
(-0.004209 0.003558 0.299703)
(-0.005544 0.003357 0.065762)
(-0.007163 -0.003754 0.131766)
(0.006844 0.000856 0.248449)
(-0.007726 0.001564 0.142503)
(0.006672 -0.001264 0.109110)
(0.007229 0.008824 0.024112)
(-0.004385 0.004833 0.136100)
(0.008120 0.002950 0.042687)
(-0.007783 -0.008232 0.035622)
(-0.000576 0.008276 0.274035)
(-0.002593 0.007537 0.284741)
(0.005945 0.007814 0.174365)
(-0.000364 0.007770 0.004249)
(0.000051 -0.007006 0.098195)
(-0.000676 0.005136 0.114395)
(-0.004314 -0.008852 0.175621)
(0.007871 0.007826 0.147629)
(-0.007142 -0.002608 0.117630)
(-0.006327 -0.001196 0.044851)
(-0.007207 -0.003565 0.198662)
(-0.008938 0.004310 0.068880)
(0.005082 0.007690 0.212105)
(-0.004558 0.003108 0.081045)
(-0.003180 -0.008636 0.232382)
(0.005839 -0.008273 0.062764)
(0.000083 -0.004865 0.041584)
(-0.002194 -0.008369 0.262323)
(0.008723 -0.008676 0.143374)
(0.007752 -0.008684 0.089520)
(-0.008984 0.008166 0.082829)
(-0.004186 0.001183 0.293006)
(-0.004591 0.000170 0.032887)
(0.008190 -0.005253 0.025119)
(0.003613 -0.004292 0.255975)
(-0.003314 -0.005329 0.060891)
(0.004237 -0.002680 0.175040)
(0.005001 0.003432 0.155872)
(-0.005955 -0.000735 0.290069)
(0.007068 0.008327 0.038657)
(0.003038 0.007931 0.067999)
(-0.001208 0.005399 0.158168)
(-0.006067 0.005692 0.098493)
(-0.007792 0.003147 0.244102)
(-0.008606 -0.004485 0.016221)
(-0.003497 -0.007491 0.183941)
(-0.008513 0.001738 0.218292)
(-0.007515 0.005948 0.166038)
(0.006436 0.007462 0.015386)
(-0.003180 0.000466 0.275841)
(-0.004151 -0.005995 0.148542)
(0.004975 0.006087 0.292379)
(0.005822 -0.009002 0.044878)
(0.001792 0.001800 0.298964)
(0.002684 -0.008845 0.033023)
(-0.004885 0.000591 0.200800)
(-0.001135 -0.006028 0.167379)
(0.008029 0.006159 0.208751)
(-0.001119 -0.001227 0.184164)
(0.006957 0.002380 0.099516)
(0.002779 -0.002848 0.008029)
(0.000914 0.007094 0.046856)
(0.002683 -0.000029 0.140299)
(-0.007226 0.007177 0.204676)
(-0.003497 -0.007719 0.268005)
(-0.004182 0.001404 0.012576)
(-0.003324 0.006725 0.151732)
(-0.003665 -0.007481 0.150313)
(0.004791 0.006805 0.056546)
(-0.003624 -0.005466 0.115595)
(0.001247 -0.007402 0.064421)
(0.002907 0.000160 0.038444)
(-0.004002 -0.008750 0.256490)
(-0.004981 0.003243 0.070200)
(-0.000172 -0.002591 0.022375)
(-0.008831 -0.000559 0.050043)
(-0.006585 0.000652 0.085903)
(0.002774 -0.003193 0.146165)
(-0.005619 -0.007462 0.067135)
(-0.005292 -0.004617 0.032689)
(0.003477 -0.004095 0.182022)
(0.007557 0.001989 0.176223)
(-0.007637 0.004726 0.142960)
(0.002619 -0.002172 0.140395)
(-0.007981 0.002278 0.011910)
(-0.003014 -0.005525 0.093884)
(-0.006964 -0.008651 0.131559)
(-0.002943 -0.007029 0.225635)
(0.005619 -0.006675 0.032451)
(0.001741 0.005212 0.286678)
(0.001017 0.004219 0.101035)
(0.006997 0.004204 0.106854)
(0.006656 -0.001933 0.075844)
(-0.002356 0.007132 0.084004)
(-0.008322 -0.006270 0.024177)
(0.006082 -0.002675 0.244241)
(0.009121 0.002207 0.033770)
(0.008425 0.005823 0.295817)
(0.005151 -0.001105 0.212661)
(0.006030 0.008985 0.123933)
(0.008019 -0.006942 0.245596)
(-0.008370 0.004352 0.270839)
(0.006783 0.008434 0.215758)
(-0.007996 0.003019 0.120604)
(-0.004766 0.001929 0.278965)
(0.000555 -0.003646 0.196667)
(0.002970 -0.005707 0.015146)
(0.002990 0.001334 0.151245)
(0.004789 0.000812 0.231988)
(0.003502 0.006716 0.254530)
(-0.001294 -0.003035 0.254737)
(0.005588 0.006911 0.062281)
(0.007061 -0.000553 0.053803)
(-0.008741 0.003728 0.022623)
(-0.006298 -0.000051 0.069345)
(0.007946 -0.000161 0.197077)
(0.007546 -0.001241 0.251330)
(-0.008239 0.004546 0.024626)
(-0.000886 -0.006710 0.047453)
(0.006426 0.006864 0.118003)
(0.001904 0.003296 0.006092)
(-0.005772 -0.000297 0.094536)
(0.007028 0.000530 0.287884)
(-0.003547 0.002408 0.181555)
(-0.006170 -0.000105 0.215822)
(0.000334 0.001267 0.030361)
(0.006496 0.005197 0.158178)
(-0.004829 -0.006233 0.064944)
(-0.000275 0.008420 0.133691)
(-0.007864 0.006094 0.034639)
(0.008169 0.001804 0.022718)
(0.001801 -0.004522 0.116986)
(0.006611 -0.004190 0.237304)
(0.006164 -0.006229 0.060610)
(0.004319 0.006923 0.003152)
(-0.007556 0.003758 0.287521)
(0.001321 -0.000077 0.067788)
(0.003866 0.005302 0.256552)
(0.006803 0.008572 0.084306)
(0.001349 -0.001751 0.121822)
(0.001738 0.007365 0.083761)
(0.000732 0.008575 0.290688)
(-0.000009 0.001702 0.100671)
(-0.004943 -0.000709 0.083906)
(0.003865 0.001756 0.200061)
(-0.000618 0.006425 0.281028)
(0.002091 -0.005628 0.093919)
(0.008690 -0.002881 0.169289)
(0.001736 -0.004768 0.066426)
(0.000358 -0.000260 0.069406)
(0.009015 -0.001831 0.090368)
(-0.002899 -0.000571 0.177217)
(0.007499 -0.001910 0.291621)
(-0.002738 -0.009083 0.179314)
(0.005415 0.006813 0.046641)
(0.006980 0.006351 0.000993)
(-0.005314 0.006365 0.025561)
(0.004625 0.005247 0.270703)
(0.000238 0.001892 0.012370)
(-0.000268 0.004178 0.196109)
(0.004040 -0.005674 0.263064)
(0.002219 0.008927 0.033556)
(0.006772 -0.004915 0.030088)
(0.004580 0.007841 0.134478)
(-0.002179 0.006881 0.120864)
(0.006205 0.009148 0.070407)
(-0.002049 0.002573 0.044821)
(0.009072 -0.006189 0.187292)
(0.002795 -0.008285 0.103376)
(0.003963 -0.000680 0.081993)
(0.004738 0.007185 0.225237)
(-0.000799 -0.002288 0.258026)
(-0.008148 -0.001094 0.163707)
(-0.002296 0.001212 0.278243)
(-0.003665 -0.001865 0.112172)
(0.001872 -0.001370 0.210947)
(-0.000758 -0.007409 0.275808)
(-0.008012 0.000853 0.257120)
(-0.000303 -0.008003 0.188363)
(-0.000413 0.002384 0.048697)
(-0.006263 -0.002640 0.124828)
(0.009166 0.000327 0.047627)
(0.007888 0.002981 0.239716)
(-0.004660 -0.000834 0.190625)
(0.006848 -0.008200 0.056512)
(-0.004610 -0.002308 0.239927)
(-0.004116 -0.007967 0.028926)
(0.007573 -0.002902 0.183069)
(0.002508 0.000906 0.147411)
(-0.007142 0.002601 0.159563)
(0.004401 0.006437 0.177244)
(0.000787 0.006578 0.228580)
(-0.001334 -0.009004 0.076091)
(0.008161 0.005637 0.282372)
(0.004500 -0.001321 0.199922)
(-0.003975 0.005986 0.107590)
(0.002302 0.000268 0.051749)
(-0.000098 -0.002717 0.164570)
(0.005140 -0.006890 0.045428)
(0.004847 0.004250 0.236045)
(0.004299 -0.003123 0.141240)
(-0.001095 0.003912 0.131584)
(0.001472 -0.004563 0.259577)
(-0.005956 0.002504 0.063466)
(0.007247 0.004972 0.197161)
(0.007295 -0.005585 0.187923)
(0.003589 -0.001288 0.295837)
(0.008594 -0.005559 0.092718)
(0.000406 0.007204 0.240252)
(0.004770 -0.000130 0.207316)
(-0.006233 -0.000299 0.069865)
(-0.004792 -0.005001 0.076803)
(-0.007855 -0.006741 0.071716)
(0.003168 -0.000822 0.061260)
(-0.004841 0.008560 0.159117)
(0.004417 0.005388 0.224646)
(0.003116 0.004408 0.164518)
(-0.000458 -0.007587 0.059407)
(0.009185 0.000594 0.100682)
(0.006578 -0.008010 0.250204)
(0.001149 -0.006958 0.279952)
(0.002429 0.002362 0.296445)
(-0.002124 -0.006701 0.279465)
(-0.007198 0.001814 0.290274)
(-0.002820 0.004752 0.256143)
(-0.001937 -0.001996 0.242288)
(-0.002779 0.004160 0.154499)
(0.006674 -0.008563 0.264132)
(-0.001875 0.003210 0.032283)
(0.006133 -0.002788 0.199892)
(-0.000769 -0.006472 0.066095)
(-0.008577 -0.006354 0.264522)
(-0.002408 0.001259 0.158435)
)

/ ************************************************************************* //
