/*--------------------------------*- C++ -*----------------------------------*\
  =========                 |
  \\      /  F ield         | OpenFOAM: The Open Source CFD Toolbox
   \\    /   O peration     | Website:  https://openfoam.org
    \\  /    A nd           | Version:  dev
     \\/     M anipulation  |
\*---------------------------------------------------------------------------*/
FoamFile
{
    format      ascii;
    class       vectorField;
    location    "constant/polyMesh";
    object      points;
}
// * * * * * * * * * * * * * * * * * * * * * * * * * * * * * * * * * * * * * //


882
(
(0 0 0)
(0.005 0 0)
(0.01 0 0)
(0.015 0 0)
(0.02 0 0)
(0.025 0 0)
(0.03 0 0)
(0.035 0 0)
(0.04 0 0)
(0.045 0 0)
(0.05 0 0)
(0.055 0 0)
(0.06 0 0)
(0.065 0 0)
(0.07 0 0)
(0.075 0 0)
(0.08 0 0)
(0.085 0 0)
(0.09 0 0)
(0.095 0 0)
(0.1 0 0)
(0 0.001493714574 0)
(0.005 0.001493714574 0)
(0.01 0.001493714574 0)
(0.015 0.001493714574 0)
(0.02 0.001493714574 0)
(0.025 0.001493714574 0)
(0.03 0.001493714574 0)
(0.035 0.001493714574 0)
(0.04 0.001493714574 0)
(0.045 0.001493714574 0)
(0.05 0.001493714574 0)
(0.055 0.001493714574 0)
(0.06 0.001493714574 0)
(0.065 0.001493714574 0)
(0.07 0.001493714574 0)
(0.075 0.001493714574 0)
(0.08 0.001493714574 0)
(0.085 0.001493714574 0)
(0.09 0.001493714574 0)
(0.095 0.001493714574 0)
(0.1 0.001493714574 0)
(0 0.003464682772 0)
(0.005 0.003464682772 0)
(0.01 0.003464682772 0)
(0.015 0.003464682772 0)
(0.02 0.003464682772 0)
(0.025 0.003464682772 0)
(0.03 0.003464682772 0)
(0.035 0.003464682772 0)
(0.04 0.003464682772 0)
(0.045 0.003464682772 0)
(0.05 0.003464682772 0)
(0.055 0.003464682772 0)
(0.06 0.003464682772 0)
(0.065 0.003464682772 0)
(0.07 0.003464682772 0)
(0.075 0.003464682772 0)
(0.08 0.003464682772 0)
(0.085 0.003464682772 0)
(0.09 0.003464682772 0)
(0.095 0.003464682772 0)
(0.1 0.003464682772 0)
(0 0.0060653909 0)
(0.005 0.0060653909 0)
(0.01 0.0060653909 0)
(0.015 0.0060653909 0)
(0.02 0.0060653909 0)
(0.025 0.0060653909 0)
(0.03 0.0060653909 0)
(0.035 0.0060653909 0)
(0.04 0.0060653909 0)
(0.045 0.0060653909 0)
(0.05 0.0060653909 0)
(0.055 0.0060653909 0)
(0.06 0.0060653909 0)
(0.065 0.0060653909 0)
(0.07 0.0060653909 0)
(0.075 0.0060653909 0)
(0.08 0.0060653909 0)
(0.085 0.0060653909 0)
(0.09 0.0060653909 0)
(0.095 0.0060653909 0)
(0.1 0.0060653909 0)
(0 0.00949704585 0)
(0.005 0.00949704585 0)
(0.01 0.00949704585 0)
(0.015 0.00949704585 0)
(0.02 0.00949704585 0)
(0.025 0.00949704585 0)
(0.03 0.00949704585 0)
(0.035 0.00949704585 0)
(0.04 0.00949704585 0)
(0.045 0.00949704585 0)
(0.05 0.00949704585 0)
(0.055 0.00949704585 0)
(0.06 0.00949704585 0)
(0.065 0.00949704585 0)
(0.07 0.00949704585 0)
(0.075 0.00949704585 0)
(0.08 0.00949704585 0)
(0.085 0.00949704585 0)
(0.09 0.00949704585 0)
(0.095 0.00949704585 0)
(0.1 0.00949704585 0)
(0 0.0140251417 0)
(0.005 0.0140251417 0)
(0.01 0.0140251417 0)
(0.015 0.0140251417 0)
(0.02 0.0140251417 0)
(0.025 0.0140251417 0)
(0.03 0.0140251417 0)
(0.035 0.0140251417 0)
(0.04 0.0140251417 0)
(0.045 0.0140251417 0)
(0.05 0.0140251417 0)
(0.055 0.0140251417 0)
(0.06 0.0140251417 0)
(0.065 0.0140251417 0)
(0.07 0.0140251417 0)
(0.075 0.0140251417 0)
(0.08 0.0140251417 0)
(0.085 0.0140251417 0)
(0.09 0.0140251417 0)
(0.095 0.0140251417 0)
(0.1 0.0140251417 0)
(0 0.02 0)
(0.005 0.02 0)
(0.01 0.02 0)
(0.015 0.02 0)
(0.02 0.02 0)
(0.025 0.02 0)
(0.03 0.02 0)
(0.035 0.02 0)
(0.04 0.02 0)
(0.045 0.02 0)
(0.05 0.02 0)
(0.055 0.02 0)
(0.06 0.02 0)
(0.065 0.02 0)
(0.07 0.02 0)
(0.075 0.02 0)
(0.08 0.02 0)
(0.085 0.02 0)
(0.09 0.02 0)
(0.095 0.02 0)
(0.1 0.02 0)
(0 0.0275 0)
(0.005 0.0275 0)
(0.01 0.0275 0)
(0.015 0.0275 0)
(0.02 0.0275 0)
(0.025 0.0275 0)
(0.03 0.0275 0)
(0.035 0.0275 0)
(0.04 0.0275 0)
(0.045 0.0275 0)
(0.05 0.0275 0)
(0.055 0.0275 0)
(0.06 0.0275 0)
(0.065 0.0275 0)
(0.07 0.0275 0)
(0.075 0.0275 0)
(0.08 0.0275 0)
(0.085 0.0275 0)
(0.09 0.0275 0)
(0.095 0.0275 0)
(0.1 0.0275 0)
(0 0.035 0)
(0.005 0.035 0)
(0.01 0.035 0)
(0.015 0.035 0)
(0.02 0.035 0)
(0.025 0.035 0)
(0.03 0.035 0)
(0.035 0.035 0)
(0.04 0.035 0)
(0.045 0.035 0)
(0.05 0.035 0)
(0.055 0.035 0)
(0.06 0.035 0)
(0.065 0.035 0)
(0.07 0.035 0)
(0.075 0.035 0)
(0.08 0.035 0)
(0.085 0.035 0)
(0.09 0.035 0)
(0.095 0.035 0)
(0.1 0.035 0)
(0 0.0425 0)
(0.005 0.0425 0)
(0.01 0.0425 0)
(0.015 0.0425 0)
(0.02 0.0425 0)
(0.025 0.0425 0)
(0.03 0.0425 0)
(0.035 0.0425 0)
(0.04 0.0425 0)
(0.045 0.0425 0)
(0.05 0.0425 0)
(0.055 0.0425 0)
(0.06 0.0425 0)
(0.065 0.0425 0)
(0.07 0.0425 0)
(0.075 0.0425 0)
(0.08 0.0425 0)
(0.085 0.0425 0)
(0.09 0.0425 0)
(0.095 0.0425 0)
(0.1 0.0425 0)
(0 0.05 0)
(0.005 0.05 0)
(0.01 0.05 0)
(0.015 0.05 0)
(0.02 0.05 0)
(0.025 0.05 0)
(0.03 0.05 0)
(0.035 0.05 0)
(0.04 0.05 0)
(0.045 0.05 0)
(0.05 0.05 0)
(0.055 0.05 0)
(0.06 0.05 0)
(0.065 0.05 0)
(0.07 0.05 0)
(0.075 0.05 0)
(0.08 0.05 0)
(0.085 0.05 0)
(0.09 0.05 0)
(0.095 0.05 0)
(0.1 0.05 0)
(0 0.0575 0)
(0.005 0.0575 0)
(0.01 0.0575 0)
(0.015 0.0575 0)
(0.02 0.0575 0)
(0.025 0.0575 0)
(0.03 0.0575 0)
(0.035 0.0575 0)
(0.04 0.0575 0)
(0.045 0.0575 0)
(0.05 0.0575 0)
(0.055 0.0575 0)
(0.06 0.0575 0)
(0.065 0.0575 0)
(0.07 0.0575 0)
(0.075 0.0575 0)
(0.08 0.0575 0)
(0.085 0.0575 0)
(0.09 0.0575 0)
(0.095 0.0575 0)
(0.1 0.0575 0)
(0 0.065 0)
(0.005 0.065 0)
(0.01 0.065 0)
(0.015 0.065 0)
(0.02 0.065 0)
(0.025 0.065 0)
(0.03 0.065 0)
(0.035 0.065 0)
(0.04 0.065 0)
(0.045 0.065 0)
(0.05 0.065 0)
(0.055 0.065 0)
(0.06 0.065 0)
(0.065 0.065 0)
(0.07 0.065 0)
(0.075 0.065 0)
(0.08 0.065 0)
(0.085 0.065 0)
(0.09 0.065 0)
(0.095 0.065 0)
(0.1 0.065 0)
(0 0.0725 0)
(0.005 0.0725 0)
(0.01 0.0725 0)
(0.015 0.0725 0)
(0.02 0.0725 0)
(0.025 0.0725 0)
(0.03 0.0725 0)
(0.035 0.0725 0)
(0.04 0.0725 0)
(0.045 0.0725 0)
(0.05 0.0725 0)
(0.055 0.0725 0)
(0.06 0.0725 0)
(0.065 0.0725 0)
(0.07 0.0725 0)
(0.075 0.0725 0)
(0.08 0.0725 0)
(0.085 0.0725 0)
(0.09 0.0725 0)
(0.095 0.0725 0)
(0.1 0.0725 0)
(0 0.08 0)
(0.005 0.08 0)
(0.01 0.08 0)
(0.015 0.08 0)
(0.02 0.08 0)
(0.025 0.08 0)
(0.03 0.08 0)
(0.035 0.08 0)
(0.04 0.08 0)
(0.045 0.08 0)
(0.05 0.08 0)
(0.055 0.08 0)
(0.06 0.08 0)
(0.065 0.08 0)
(0.07 0.08 0)
(0.075 0.08 0)
(0.08 0.08 0)
(0.085 0.08 0)
(0.09 0.08 0)
(0.095 0.08 0)
(0.1 0.08 0)
(0 0.0859748583 0)
(0.005 0.0859748583 0)
(0.01 0.0859748583 0)
(0.015 0.0859748583 0)
(0.02 0.0859748583 0)
(0.025 0.0859748583 0)
(0.03 0.0859748583 0)
(0.035 0.0859748583 0)
(0.04 0.0859748583 0)
(0.045 0.0859748583 0)
(0.05 0.0859748583 0)
(0.055 0.0859748583 0)
(0.06 0.0859748583 0)
(0.065 0.0859748583 0)
(0.07 0.0859748583 0)
(0.075 0.0859748583 0)
(0.08 0.0859748583 0)
(0.085 0.0859748583 0)
(0.09 0.0859748583 0)
(0.095 0.0859748583 0)
(0.1 0.0859748583 0)
(0 0.09050295415 0)
(0.005 0.09050295415 0)
(0.01 0.09050295415 0)
(0.015 0.09050295415 0)
(0.02 0.09050295415 0)
(0.025 0.09050295415 0)
(0.03 0.09050295415 0)
(0.035 0.09050295415 0)
(0.04 0.09050295415 0)
(0.045 0.09050295415 0)
(0.05 0.09050295415 0)
(0.055 0.09050295415 0)
(0.06 0.09050295415 0)
(0.065 0.09050295415 0)
(0.07 0.09050295415 0)
(0.075 0.09050295415 0)
(0.08 0.09050295415 0)
(0.085 0.09050295415 0)
(0.09 0.09050295415 0)
(0.095 0.09050295415 0)
(0.1 0.09050295415 0)
(0 0.0939346091 0)
(0.005 0.0939346091 0)
(0.01 0.0939346091 0)
(0.015 0.0939346091 0)
(0.02 0.0939346091 0)
(0.025 0.0939346091 0)
(0.03 0.0939346091 0)
(0.035 0.0939346091 0)
(0.04 0.0939346091 0)
(0.045 0.0939346091 0)
(0.05 0.0939346091 0)
(0.055 0.0939346091 0)
(0.06 0.0939346091 0)
(0.065 0.0939346091 0)
(0.07 0.0939346091 0)
(0.075 0.0939346091 0)
(0.08 0.0939346091 0)
(0.085 0.0939346091 0)
(0.09 0.0939346091 0)
(0.095 0.0939346091 0)
(0.1 0.0939346091 0)
(0 0.09653531723 0)
(0.005 0.09653531723 0)
(0.01 0.09653531723 0)
(0.015 0.09653531723 0)
(0.02 0.09653531723 0)
(0.025 0.09653531723 0)
(0.03 0.09653531723 0)
(0.035 0.09653531723 0)
(0.04 0.09653531723 0)
(0.045 0.09653531723 0)
(0.05 0.09653531723 0)
(0.055 0.09653531723 0)
(0.06 0.09653531723 0)
(0.065 0.09653531723 0)
(0.07 0.09653531723 0)
(0.075 0.09653531723 0)
(0.08 0.09653531723 0)
(0.085 0.09653531723 0)
(0.09 0.09653531723 0)
(0.095 0.09653531723 0)
(0.1 0.09653531723 0)
(0 0.09850628543 0)
(0.005 0.09850628543 0)
(0.01 0.09850628543 0)
(0.015 0.09850628543 0)
(0.02 0.09850628543 0)
(0.025 0.09850628543 0)
(0.03 0.09850628543 0)
(0.035 0.09850628543 0)
(0.04 0.09850628543 0)
(0.045 0.09850628543 0)
(0.05 0.09850628543 0)
(0.055 0.09850628543 0)
(0.06 0.09850628543 0)
(0.065 0.09850628543 0)
(0.07 0.09850628543 0)
(0.075 0.09850628543 0)
(0.08 0.09850628543 0)
(0.085 0.09850628543 0)
(0.09 0.09850628543 0)
(0.095 0.09850628543 0)
(0.1 0.09850628543 0)
(0 0.1 0)
(0.005 0.1 0)
(0.01 0.1 0)
(0.015 0.1 0)
(0.02 0.1 0)
(0.025 0.1 0)
(0.03 0.1 0)
(0.035 0.1 0)
(0.04 0.1 0)
(0.045 0.1 0)
(0.05 0.1 0)
(0.055 0.1 0)
(0.06 0.1 0)
(0.065 0.1 0)
(0.07 0.1 0)
(0.075 0.1 0)
(0.08 0.1 0)
(0.085 0.1 0)
(0.09 0.1 0)
(0.095 0.1 0)
(0.1 0.1 0)
(0 0 0.01)
(0.005 0 0.01)
(0.01 0 0.01)
(0.015 0 0.01)
(0.02 0 0.01)
(0.025 0 0.01)
(0.03 0 0.01)
(0.035 0 0.01)
(0.04 0 0.01)
(0.045 0 0.01)
(0.05 0 0.01)
(0.055 0 0.01)
(0.06 0 0.01)
(0.065 0 0.01)
(0.07 0 0.01)
(0.075 0 0.01)
(0.08 0 0.01)
(0.085 0 0.01)
(0.09 0 0.01)
(0.095 0 0.01)
(0.1 0 0.01)
(0 0.001493714574 0.01)
(0.005 0.001493714574 0.01)
(0.01 0.001493714574 0.01)
(0.015 0.001493714574 0.01)
(0.02 0.001493714574 0.01)
(0.025 0.001493714574 0.01)
(0.03 0.001493714574 0.01)
(0.035 0.001493714574 0.01)
(0.04 0.001493714574 0.01)
(0.045 0.001493714574 0.01)
(0.05 0.001493714574 0.01)
(0.055 0.001493714574 0.01)
(0.06 0.001493714574 0.01)
(0.065 0.001493714574 0.01)
(0.07 0.001493714574 0.01)
(0.075 0.001493714574 0.01)
(0.08 0.001493714574 0.01)
(0.085 0.001493714574 0.01)
(0.09 0.001493714574 0.01)
(0.095 0.001493714574 0.01)
(0.1 0.001493714574 0.01)
(0 0.003464682772 0.01)
(0.005 0.003464682772 0.01)
(0.01 0.003464682772 0.01)
(0.015 0.003464682772 0.01)
(0.02 0.003464682772 0.01)
(0.025 0.003464682772 0.01)
(0.03 0.003464682772 0.01)
(0.035 0.003464682772 0.01)
(0.04 0.003464682772 0.01)
(0.045 0.003464682772 0.01)
(0.05 0.003464682772 0.01)
(0.055 0.003464682772 0.01)
(0.06 0.003464682772 0.01)
(0.065 0.003464682772 0.01)
(0.07 0.003464682772 0.01)
(0.075 0.003464682772 0.01)
(0.08 0.003464682772 0.01)
(0.085 0.003464682772 0.01)
(0.09 0.003464682772 0.01)
(0.095 0.003464682772 0.01)
(0.1 0.003464682772 0.01)
(0 0.0060653909 0.01)
(0.005 0.0060653909 0.01)
(0.01 0.0060653909 0.01)
(0.015 0.0060653909 0.01)
(0.02 0.0060653909 0.01)
(0.025 0.0060653909 0.01)
(0.03 0.0060653909 0.01)
(0.035 0.0060653909 0.01)
(0.04 0.0060653909 0.01)
(0.045 0.0060653909 0.01)
(0.05 0.0060653909 0.01)
(0.055 0.0060653909 0.01)
(0.06 0.0060653909 0.01)
(0.065 0.0060653909 0.01)
(0.07 0.0060653909 0.01)
(0.075 0.0060653909 0.01)
(0.08 0.0060653909 0.01)
(0.085 0.0060653909 0.01)
(0.09 0.0060653909 0.01)
(0.095 0.0060653909 0.01)
(0.1 0.0060653909 0.01)
(0 0.00949704585 0.01)
(0.005 0.00949704585 0.01)
(0.01 0.00949704585 0.01)
(0.015 0.00949704585 0.01)
(0.02 0.00949704585 0.01)
(0.025 0.00949704585 0.01)
(0.03 0.00949704585 0.01)
(0.035 0.00949704585 0.01)
(0.04 0.00949704585 0.01)
(0.045 0.00949704585 0.01)
(0.05 0.00949704585 0.01)
(0.055 0.00949704585 0.01)
(0.06 0.00949704585 0.01)
(0.065 0.00949704585 0.01)
(0.07 0.00949704585 0.01)
(0.075 0.00949704585 0.01)
(0.08 0.00949704585 0.01)
(0.085 0.00949704585 0.01)
(0.09 0.00949704585 0.01)
(0.095 0.00949704585 0.01)
(0.1 0.00949704585 0.01)
(0 0.0140251417 0.01)
(0.005 0.0140251417 0.01)
(0.01 0.0140251417 0.01)
(0.015 0.0140251417 0.01)
(0.02 0.0140251417 0.01)
(0.025 0.0140251417 0.01)
(0.03 0.0140251417 0.01)
(0.035 0.0140251417 0.01)
(0.04 0.0140251417 0.01)
(0.045 0.0140251417 0.01)
(0.05 0.0140251417 0.01)
(0.055 0.0140251417 0.01)
(0.06 0.0140251417 0.01)
(0.065 0.0140251417 0.01)
(0.07 0.0140251417 0.01)
(0.075 0.0140251417 0.01)
(0.08 0.0140251417 0.01)
(0.085 0.0140251417 0.01)
(0.09 0.0140251417 0.01)
(0.095 0.0140251417 0.01)
(0.1 0.0140251417 0.01)
(0 0.02 0.01)
(0.005 0.02 0.01)
(0.01 0.02 0.01)
(0.015 0.02 0.01)
(0.02 0.02 0.01)
(0.025 0.02 0.01)
(0.03 0.02 0.01)
(0.035 0.02 0.01)
(0.04 0.02 0.01)
(0.045 0.02 0.01)
(0.05 0.02 0.01)
(0.055 0.02 0.01)
(0.06 0.02 0.01)
(0.065 0.02 0.01)
(0.07 0.02 0.01)
(0.075 0.02 0.01)
(0.08 0.02 0.01)
(0.085 0.02 0.01)
(0.09 0.02 0.01)
(0.095 0.02 0.01)
(0.1 0.02 0.01)
(0 0.0275 0.01)
(0.005 0.0275 0.01)
(0.01 0.0275 0.01)
(0.015 0.0275 0.01)
(0.02 0.0275 0.01)
(0.025 0.0275 0.01)
(0.03 0.0275 0.01)
(0.035 0.0275 0.01)
(0.04 0.0275 0.01)
(0.045 0.0275 0.01)
(0.05 0.0275 0.01)
(0.055 0.0275 0.01)
(0.06 0.0275 0.01)
(0.065 0.0275 0.01)
(0.07 0.0275 0.01)
(0.075 0.0275 0.01)
(0.08 0.0275 0.01)
(0.085 0.0275 0.01)
(0.09 0.0275 0.01)
(0.095 0.0275 0.01)
(0.1 0.0275 0.01)
(0 0.035 0.01)
(0.005 0.035 0.01)
(0.01 0.035 0.01)
(0.015 0.035 0.01)
(0.02 0.035 0.01)
(0.025 0.035 0.01)
(0.03 0.035 0.01)
(0.035 0.035 0.01)
(0.04 0.035 0.01)
(0.045 0.035 0.01)
(0.05 0.035 0.01)
(0.055 0.035 0.01)
(0.06 0.035 0.01)
(0.065 0.035 0.01)
(0.07 0.035 0.01)
(0.075 0.035 0.01)
(0.08 0.035 0.01)
(0.085 0.035 0.01)
(0.09 0.035 0.01)
(0.095 0.035 0.01)
(0.1 0.035 0.01)
(0 0.0425 0.01)
(0.005 0.0425 0.01)
(0.01 0.0425 0.01)
(0.015 0.0425 0.01)
(0.02 0.0425 0.01)
(0.025 0.0425 0.01)
(0.03 0.0425 0.01)
(0.035 0.0425 0.01)
(0.04 0.0425 0.01)
(0.045 0.0425 0.01)
(0.05 0.0425 0.01)
(0.055 0.0425 0.01)
(0.06 0.0425 0.01)
(0.065 0.0425 0.01)
(0.07 0.0425 0.01)
(0.075 0.0425 0.01)
(0.08 0.0425 0.01)
(0.085 0.0425 0.01)
(0.09 0.0425 0.01)
(0.095 0.0425 0.01)
(0.1 0.0425 0.01)
(0 0.05 0.01)
(0.005 0.05 0.01)
(0.01 0.05 0.01)
(0.015 0.05 0.01)
(0.02 0.05 0.01)
(0.025 0.05 0.01)
(0.03 0.05 0.01)
(0.035 0.05 0.01)
(0.04 0.05 0.01)
(0.045 0.05 0.01)
(0.05 0.05 0.01)
(0.055 0.05 0.01)
(0.06 0.05 0.01)
(0.065 0.05 0.01)
(0.07 0.05 0.01)
(0.075 0.05 0.01)
(0.08 0.05 0.01)
(0.085 0.05 0.01)
(0.09 0.05 0.01)
(0.095 0.05 0.01)
(0.1 0.05 0.01)
(0 0.0575 0.01)
(0.005 0.0575 0.01)
(0.01 0.0575 0.01)
(0.015 0.0575 0.01)
(0.02 0.0575 0.01)
(0.025 0.0575 0.01)
(0.03 0.0575 0.01)
(0.035 0.0575 0.01)
(0.04 0.0575 0.01)
(0.045 0.0575 0.01)
(0.05 0.0575 0.01)
(0.055 0.0575 0.01)
(0.06 0.0575 0.01)
(0.065 0.0575 0.01)
(0.07 0.0575 0.01)
(0.075 0.0575 0.01)
(0.08 0.0575 0.01)
(0.085 0.0575 0.01)
(0.09 0.0575 0.01)
(0.095 0.0575 0.01)
(0.1 0.0575 0.01)
(0 0.065 0.01)
(0.005 0.065 0.01)
(0.01 0.065 0.01)
(0.015 0.065 0.01)
(0.02 0.065 0.01)
(0.025 0.065 0.01)
(0.03 0.065 0.01)
(0.035 0.065 0.01)
(0.04 0.065 0.01)
(0.045 0.065 0.01)
(0.05 0.065 0.01)
(0.055 0.065 0.01)
(0.06 0.065 0.01)
(0.065 0.065 0.01)
(0.07 0.065 0.01)
(0.075 0.065 0.01)
(0.08 0.065 0.01)
(0.085 0.065 0.01)
(0.09 0.065 0.01)
(0.095 0.065 0.01)
(0.1 0.065 0.01)
(0 0.0725 0.01)
(0.005 0.0725 0.01)
(0.01 0.0725 0.01)
(0.015 0.0725 0.01)
(0.02 0.0725 0.01)
(0.025 0.0725 0.01)
(0.03 0.0725 0.01)
(0.035 0.0725 0.01)
(0.04 0.0725 0.01)
(0.045 0.0725 0.01)
(0.05 0.0725 0.01)
(0.055 0.0725 0.01)
(0.06 0.0725 0.01)
(0.065 0.0725 0.01)
(0.07 0.0725 0.01)
(0.075 0.0725 0.01)
(0.08 0.0725 0.01)
(0.085 0.0725 0.01)
(0.09 0.0725 0.01)
(0.095 0.0725 0.01)
(0.1 0.0725 0.01)
(0 0.08 0.01)
(0.005 0.08 0.01)
(0.01 0.08 0.01)
(0.015 0.08 0.01)
(0.02 0.08 0.01)
(0.025 0.08 0.01)
(0.03 0.08 0.01)
(0.035 0.08 0.01)
(0.04 0.08 0.01)
(0.045 0.08 0.01)
(0.05 0.08 0.01)
(0.055 0.08 0.01)
(0.06 0.08 0.01)
(0.065 0.08 0.01)
(0.07 0.08 0.01)
(0.075 0.08 0.01)
(0.08 0.08 0.01)
(0.085 0.08 0.01)
(0.09 0.08 0.01)
(0.095 0.08 0.01)
(0.1 0.08 0.01)
(0 0.0859748583 0.01)
(0.005 0.0859748583 0.01)
(0.01 0.0859748583 0.01)
(0.015 0.0859748583 0.01)
(0.02 0.0859748583 0.01)
(0.025 0.0859748583 0.01)
(0.03 0.0859748583 0.01)
(0.035 0.0859748583 0.01)
(0.04 0.0859748583 0.01)
(0.045 0.0859748583 0.01)
(0.05 0.0859748583 0.01)
(0.055 0.0859748583 0.01)
(0.06 0.0859748583 0.01)
(0.065 0.0859748583 0.01)
(0.07 0.0859748583 0.01)
(0.075 0.0859748583 0.01)
(0.08 0.0859748583 0.01)
(0.085 0.0859748583 0.01)
(0.09 0.0859748583 0.01)
(0.095 0.0859748583 0.01)
(0.1 0.0859748583 0.01)
(0 0.09050295415 0.01)
(0.005 0.09050295415 0.01)
(0.01 0.09050295415 0.01)
(0.015 0.09050295415 0.01)
(0.02 0.09050295415 0.01)
(0.025 0.09050295415 0.01)
(0.03 0.09050295415 0.01)
(0.035 0.09050295415 0.01)
(0.04 0.09050295415 0.01)
(0.045 0.09050295415 0.01)
(0.05 0.09050295415 0.01)
(0.055 0.09050295415 0.01)
(0.06 0.09050295415 0.01)
(0.065 0.09050295415 0.01)
(0.07 0.09050295415 0.01)
(0.075 0.09050295415 0.01)
(0.08 0.09050295415 0.01)
(0.085 0.09050295415 0.01)
(0.09 0.09050295415 0.01)
(0.095 0.09050295415 0.01)
(0.1 0.09050295415 0.01)
(0 0.0939346091 0.01)
(0.005 0.0939346091 0.01)
(0.01 0.0939346091 0.01)
(0.015 0.0939346091 0.01)
(0.02 0.0939346091 0.01)
(0.025 0.0939346091 0.01)
(0.03 0.0939346091 0.01)
(0.035 0.0939346091 0.01)
(0.04 0.0939346091 0.01)
(0.045 0.0939346091 0.01)
(0.05 0.0939346091 0.01)
(0.055 0.0939346091 0.01)
(0.06 0.0939346091 0.01)
(0.065 0.0939346091 0.01)
(0.07 0.0939346091 0.01)
(0.075 0.0939346091 0.01)
(0.08 0.0939346091 0.01)
(0.085 0.0939346091 0.01)
(0.09 0.0939346091 0.01)
(0.095 0.0939346091 0.01)
(0.1 0.0939346091 0.01)
(0 0.09653531723 0.01)
(0.005 0.09653531723 0.01)
(0.01 0.09653531723 0.01)
(0.015 0.09653531723 0.01)
(0.02 0.09653531723 0.01)
(0.025 0.09653531723 0.01)
(0.03 0.09653531723 0.01)
(0.035 0.09653531723 0.01)
(0.04 0.09653531723 0.01)
(0.045 0.09653531723 0.01)
(0.05 0.09653531723 0.01)
(0.055 0.09653531723 0.01)
(0.06 0.09653531723 0.01)
(0.065 0.09653531723 0.01)
(0.07 0.09653531723 0.01)
(0.075 0.09653531723 0.01)
(0.08 0.09653531723 0.01)
(0.085 0.09653531723 0.01)
(0.09 0.09653531723 0.01)
(0.095 0.09653531723 0.01)
(0.1 0.09653531723 0.01)
(0 0.09850628543 0.01)
(0.005 0.09850628543 0.01)
(0.01 0.09850628543 0.01)
(0.015 0.09850628543 0.01)
(0.02 0.09850628543 0.01)
(0.025 0.09850628543 0.01)
(0.03 0.09850628543 0.01)
(0.035 0.09850628543 0.01)
(0.04 0.09850628543 0.01)
(0.045 0.09850628543 0.01)
(0.05 0.09850628543 0.01)
(0.055 0.09850628543 0.01)
(0.06 0.09850628543 0.01)
(0.065 0.09850628543 0.01)
(0.07 0.09850628543 0.01)
(0.075 0.09850628543 0.01)
(0.08 0.09850628543 0.01)
(0.085 0.09850628543 0.01)
(0.09 0.09850628543 0.01)
(0.095 0.09850628543 0.01)
(0.1 0.09850628543 0.01)
(0 0.1 0.01)
(0.005 0.1 0.01)
(0.01 0.1 0.01)
(0.015 0.1 0.01)
(0.02 0.1 0.01)
(0.025 0.1 0.01)
(0.03 0.1 0.01)
(0.035 0.1 0.01)
(0.04 0.1 0.01)
(0.045 0.1 0.01)
(0.05 0.1 0.01)
(0.055 0.1 0.01)
(0.06 0.1 0.01)
(0.065 0.1 0.01)
(0.07 0.1 0.01)
(0.075 0.1 0.01)
(0.08 0.1 0.01)
(0.085 0.1 0.01)
(0.09 0.1 0.01)
(0.095 0.1 0.01)
(0.1 0.1 0.01)
)


// ************************************************************************* //
