12

+0.00000000 +0.00000000 +1.00000000
+0.00000000 +0.00000000 -1.00000000
+0.89442719 +0.00000000 +0.44721360
+0.27639320 +0.85065081 +0.44721360
-0.72360680 +0.52573111 +0.44721360
-0.72360680 -0.52573111 +0.44721360
+0.27639320 -0.85065081 +0.44721360
+0.72360680 +0.52573111 -0.44721360
-0.27639320 +0.85065081 -0.44721360
-0.89442719 +0.00000000 -0.44721360
-0.27639320 -0.85065081 -0.44721360
+0.72360680 -0.52573111 -0.44721360

20

3       6      11     2
3       3      2      7
3       7      2      11
3       0      2      3
3       0      6      2
3       10     1      11
3       1      7      11
3       10     11     6
3       8      7      1
3       8      3      7
3       5      10     6
3       5      6      0
3       4      3      8
3       4      0      3
3       9      8      1
3       9      1      10
3       4      5      0
3       9      10     5
3       9      5      4
3       9      4      8

