/*--------------------------------*- C++ -*----------------------------------*\
  =========                 |
  \\      /  F ield         | OpenFOAM: The Open Source CFD Toolbox
   \\    /   O peration     | Website:  https://openfoam.org
    \\  /    A nd           | Version:  dev
     \\/     M anipulation  |
\*---------------------------------------------------------------------------*/
FoamFile
{
    format      ascii;
    class       faceList;
    location    "constant/polyMesh";
    object      faces;
}
// * * * * * * * * * * * * * * * * * * * * * * * * * * * * * * * * * * * * * //


1640
(
4(1 22 463 442)
4(21 462 463 22)
4(2 23 464 443)
4(22 463 464 23)
4(3 24 465 444)
4(23 464 465 24)
4(4 25 466 445)
4(24 465 466 25)
4(5 26 467 446)
4(25 466 467 26)
4(6 27 468 447)
4(26 467 468 27)
4(7 28 469 448)
4(27 468 469 28)
4(8 29 470 449)
4(28 469 470 29)
4(9 30 471 450)
4(29 470 471 30)
4(10 31 472 451)
4(30 471 472 31)
4(11 32 473 452)
4(31 472 473 32)
4(12 33 474 453)
4(32 473 474 33)
4(13 34 475 454)
4(33 474 475 34)
4(14 35 476 455)
4(34 475 476 35)
4(15 36 477 456)
4(35 476 477 36)
4(16 37 478 457)
4(36 477 478 37)
4(17 38 479 458)
4(37 478 479 38)
4(18 39 480 459)
4(38 479 480 39)
4(19 40 481 460)
4(39 480 481 40)
4(40 481 482 41)
4(22 43 484 463)
4(42 483 484 43)
4(23 44 485 464)
4(43 484 485 44)
4(24 45 486 465)
4(44 485 486 45)
4(25 46 487 466)
4(45 486 487 46)
4(26 47 488 467)
4(46 487 488 47)
4(27 48 489 468)
4(47 488 489 48)
4(28 49 490 469)
4(48 489 490 49)
4(29 50 491 470)
4(49 490 491 50)
4(30 51 492 471)
4(50 491 492 51)
4(31 52 493 472)
4(51 492 493 52)
4(32 53 494 473)
4(52 493 494 53)
4(33 54 495 474)
4(53 494 495 54)
4(34 55 496 475)
4(54 495 496 55)
4(35 56 497 476)
4(55 496 497 56)
4(36 57 498 477)
4(56 497 498 57)
4(37 58 499 478)
4(57 498 499 58)
4(38 59 500 479)
4(58 499 500 59)
4(39 60 501 480)
4(59 500 501 60)
4(40 61 502 481)
4(60 501 502 61)
4(61 502 503 62)
4(43 64 505 484)
4(63 504 505 64)
4(44 65 506 485)
4(64 505 506 65)
4(45 66 507 486)
4(65 506 507 66)
4(46 67 508 487)
4(66 507 508 67)
4(47 68 509 488)
4(67 508 509 68)
4(48 69 510 489)
4(68 509 510 69)
4(49 70 511 490)
4(69 510 511 70)
4(50 71 512 491)
4(70 511 512 71)
4(51 72 513 492)
4(71 512 513 72)
4(52 73 514 493)
4(72 513 514 73)
4(53 74 515 494)
4(73 514 515 74)
4(54 75 516 495)
4(74 515 516 75)
4(55 76 517 496)
4(75 516 517 76)
4(56 77 518 497)
4(76 517 518 77)
4(57 78 519 498)
4(77 518 519 78)
4(58 79 520 499)
4(78 519 520 79)
4(59 80 521 500)
4(79 520 521 80)
4(60 81 522 501)
4(80 521 522 81)
4(61 82 523 502)
4(81 522 523 82)
4(82 523 524 83)
4(64 85 526 505)
4(84 525 526 85)
4(65 86 527 506)
4(85 526 527 86)
4(66 87 528 507)
4(86 527 528 87)
4(67 88 529 508)
4(87 528 529 88)
4(68 89 530 509)
4(88 529 530 89)
4(69 90 531 510)
4(89 530 531 90)
4(70 91 532 511)
4(90 531 532 91)
4(71 92 533 512)
4(91 532 533 92)
4(72 93 534 513)
4(92 533 534 93)
4(73 94 535 514)
4(93 534 535 94)
4(74 95 536 515)
4(94 535 536 95)
4(75 96 537 516)
4(95 536 537 96)
4(76 97 538 517)
4(96 537 538 97)
4(77 98 539 518)
4(97 538 539 98)
4(78 99 540 519)
4(98 539 540 99)
4(79 100 541 520)
4(99 540 541 100)
4(80 101 542 521)
4(100 541 542 101)
4(81 102 543 522)
4(101 542 543 102)
4(82 103 544 523)
4(102 543 544 103)
4(103 544 545 104)
4(85 106 547 526)
4(105 546 547 106)
4(86 107 548 527)
4(106 547 548 107)
4(87 108 549 528)
4(107 548 549 108)
4(88 109 550 529)
4(108 549 550 109)
4(89 110 551 530)
4(109 550 551 110)
4(90 111 552 531)
4(110 551 552 111)
4(91 112 553 532)
4(111 552 553 112)
4(92 113 554 533)
4(112 553 554 113)
4(93 114 555 534)
4(113 554 555 114)
4(94 115 556 535)
4(114 555 556 115)
4(95 116 557 536)
4(115 556 557 116)
4(96 117 558 537)
4(116 557 558 117)
4(97 118 559 538)
4(117 558 559 118)
4(98 119 560 539)
4(118 559 560 119)
4(99 120 561 540)
4(119 560 561 120)
4(100 121 562 541)
4(120 561 562 121)
4(101 122 563 542)
4(121 562 563 122)
4(102 123 564 543)
4(122 563 564 123)
4(103 124 565 544)
4(123 564 565 124)
4(124 565 566 125)
4(106 127 568 547)
4(126 567 568 127)
4(107 128 569 548)
4(127 568 569 128)
4(108 129 570 549)
4(128 569 570 129)
4(109 130 571 550)
4(129 570 571 130)
4(110 131 572 551)
4(130 571 572 131)
4(111 132 573 552)
4(131 572 573 132)
4(112 133 574 553)
4(132 573 574 133)
4(113 134 575 554)
4(133 574 575 134)
4(114 135 576 555)
4(134 575 576 135)
4(115 136 577 556)
4(135 576 577 136)
4(116 137 578 557)
4(136 577 578 137)
4(117 138 579 558)
4(137 578 579 138)
4(118 139 580 559)
4(138 579 580 139)
4(119 140 581 560)
4(139 580 581 140)
4(120 141 582 561)
4(140 581 582 141)
4(121 142 583 562)
4(141 582 583 142)
4(122 143 584 563)
4(142 583 584 143)
4(123 144 585 564)
4(143 584 585 144)
4(124 145 586 565)
4(144 585 586 145)
4(145 586 587 146)
4(127 148 589 568)
4(147 588 589 148)
4(128 149 590 569)
4(148 589 590 149)
4(129 150 591 570)
4(149 590 591 150)
4(130 151 592 571)
4(150 591 592 151)
4(131 152 593 572)
4(151 592 593 152)
4(132 153 594 573)
4(152 593 594 153)
4(133 154 595 574)
4(153 594 595 154)
4(134 155 596 575)
4(154 595 596 155)
4(135 156 597 576)
4(155 596 597 156)
4(136 157 598 577)
4(156 597 598 157)
4(137 158 599 578)
4(157 598 599 158)
4(138 159 600 579)
4(158 599 600 159)
4(139 160 601 580)
4(159 600 601 160)
4(140 161 602 581)
4(160 601 602 161)
4(141 162 603 582)
4(161 602 603 162)
4(142 163 604 583)
4(162 603 604 163)
4(143 164 605 584)
4(163 604 605 164)
4(144 165 606 585)
4(164 605 606 165)
4(145 166 607 586)
4(165 606 607 166)
4(166 607 608 167)
4(148 169 610 589)
4(168 609 610 169)
4(149 170 611 590)
4(169 610 611 170)
4(150 171 612 591)
4(170 611 612 171)
4(151 172 613 592)
4(171 612 613 172)
4(152 173 614 593)
4(172 613 614 173)
4(153 174 615 594)
4(173 614 615 174)
4(154 175 616 595)
4(174 615 616 175)
4(155 176 617 596)
4(175 616 617 176)
4(156 177 618 597)
4(176 617 618 177)
4(157 178 619 598)
4(177 618 619 178)
4(158 179 620 599)
4(178 619 620 179)
4(159 180 621 600)
4(179 620 621 180)
4(160 181 622 601)
4(180 621 622 181)
4(161 182 623 602)
4(181 622 623 182)
4(162 183 624 603)
4(182 623 624 183)
4(163 184 625 604)
4(183 624 625 184)
4(164 185 626 605)
4(184 625 626 185)
4(165 186 627 606)
4(185 626 627 186)
4(166 187 628 607)
4(186 627 628 187)
4(187 628 629 188)
4(169 190 631 610)
4(189 630 631 190)
4(170 191 632 611)
4(190 631 632 191)
4(171 192 633 612)
4(191 632 633 192)
4(172 193 634 613)
4(192 633 634 193)
4(173 194 635 614)
4(193 634 635 194)
4(174 195 636 615)
4(194 635 636 195)
4(175 196 637 616)
4(195 636 637 196)
4(176 197 638 617)
4(196 637 638 197)
4(177 198 639 618)
4(197 638 639 198)
4(178 199 640 619)
4(198 639 640 199)
4(179 200 641 620)
4(199 640 641 200)
4(180 201 642 621)
4(200 641 642 201)
4(181 202 643 622)
4(201 642 643 202)
4(182 203 644 623)
4(202 643 644 203)
4(183 204 645 624)
4(203 644 645 204)
4(184 205 646 625)
4(204 645 646 205)
4(185 206 647 626)
4(205 646 647 206)
4(186 207 648 627)
4(206 647 648 207)
4(187 208 649 628)
4(207 648 649 208)
4(208 649 650 209)
4(190 211 652 631)
4(210 651 652 211)
4(191 212 653 632)
4(211 652 653 212)
4(192 213 654 633)
4(212 653 654 213)
4(193 214 655 634)
4(213 654 655 214)
4(194 215 656 635)
4(214 655 656 215)
4(195 216 657 636)
4(215 656 657 216)
4(196 217 658 637)
4(216 657 658 217)
4(197 218 659 638)
4(217 658 659 218)
4(198 219 660 639)
4(218 659 660 219)
4(199 220 661 640)
4(219 660 661 220)
4(200 221 662 641)
4(220 661 662 221)
4(201 222 663 642)
4(221 662 663 222)
4(202 223 664 643)
4(222 663 664 223)
4(203 224 665 644)
4(223 664 665 224)
4(204 225 666 645)
4(224 665 666 225)
4(205 226 667 646)
4(225 666 667 226)
4(206 227 668 647)
4(226 667 668 227)
4(207 228 669 648)
4(227 668 669 228)
4(208 229 670 649)
4(228 669 670 229)
4(229 670 671 230)
4(211 232 673 652)
4(231 672 673 232)
4(212 233 674 653)
4(232 673 674 233)
4(213 234 675 654)
4(233 674 675 234)
4(214 235 676 655)
4(234 675 676 235)
4(215 236 677 656)
4(235 676 677 236)
4(216 237 678 657)
4(236 677 678 237)
4(217 238 679 658)
4(237 678 679 238)
4(218 239 680 659)
4(238 679 680 239)
4(219 240 681 660)
4(239 680 681 240)
4(220 241 682 661)
4(240 681 682 241)
4(221 242 683 662)
4(241 682 683 242)
4(222 243 684 663)
4(242 683 684 243)
4(223 244 685 664)
4(243 684 685 244)
4(224 245 686 665)
4(244 685 686 245)
4(225 246 687 666)
4(245 686 687 246)
4(226 247 688 667)
4(246 687 688 247)
4(227 248 689 668)
4(247 688 689 248)
4(228 249 690 669)
4(248 689 690 249)
4(229 250 691 670)
4(249 690 691 250)
4(250 691 692 251)
4(232 253 694 673)
4(252 693 694 253)
4(233 254 695 674)
4(253 694 695 254)
4(234 255 696 675)
4(254 695 696 255)
4(235 256 697 676)
4(255 696 697 256)
4(236 257 698 677)
4(256 697 698 257)
4(237 258 699 678)
4(257 698 699 258)
4(238 259 700 679)
4(258 699 700 259)
4(239 260 701 680)
4(259 700 701 260)
4(240 261 702 681)
4(260 701 702 261)
4(241 262 703 682)
4(261 702 703 262)
4(242 263 704 683)
4(262 703 704 263)
4(243 264 705 684)
4(263 704 705 264)
4(244 265 706 685)
4(264 705 706 265)
4(245 266 707 686)
4(265 706 707 266)
4(246 267 708 687)
4(266 707 708 267)
4(247 268 709 688)
4(267 708 709 268)
4(248 269 710 689)
4(268 709 710 269)
4(249 270 711 690)
4(269 710 711 270)
4(250 271 712 691)
4(270 711 712 271)
4(271 712 713 272)
4(253 274 715 694)
4(273 714 715 274)
4(254 275 716 695)
4(274 715 716 275)
4(255 276 717 696)
4(275 716 717 276)
4(256 277 718 697)
4(276 717 718 277)
4(257 278 719 698)
4(277 718 719 278)
4(258 279 720 699)
4(278 719 720 279)
4(259 280 721 700)
4(279 720 721 280)
4(260 281 722 701)
4(280 721 722 281)
4(261 282 723 702)
4(281 722 723 282)
4(262 283 724 703)
4(282 723 724 283)
4(263 284 725 704)
4(283 724 725 284)
4(264 285 726 705)
4(284 725 726 285)
4(265 286 727 706)
4(285 726 727 286)
4(266 287 728 707)
4(286 727 728 287)
4(267 288 729 708)
4(287 728 729 288)
4(268 289 730 709)
4(288 729 730 289)
4(269 290 731 710)
4(289 730 731 290)
4(270 291 732 711)
4(290 731 732 291)
4(271 292 733 712)
4(291 732 733 292)
4(292 733 734 293)
4(274 295 736 715)
4(294 735 736 295)
4(275 296 737 716)
4(295 736 737 296)
4(276 297 738 717)
4(296 737 738 297)
4(277 298 739 718)
4(297 738 739 298)
4(278 299 740 719)
4(298 739 740 299)
4(279 300 741 720)
4(299 740 741 300)
4(280 301 742 721)
4(300 741 742 301)
4(281 302 743 722)
4(301 742 743 302)
4(282 303 744 723)
4(302 743 744 303)
4(283 304 745 724)
4(303 744 745 304)
4(284 305 746 725)
4(304 745 746 305)
4(285 306 747 726)
4(305 746 747 306)
4(286 307 748 727)
4(306 747 748 307)
4(287 308 749 728)
4(307 748 749 308)
4(288 309 750 729)
4(308 749 750 309)
4(289 310 751 730)
4(309 750 751 310)
4(290 311 752 731)
4(310 751 752 311)
4(291 312 753 732)
4(311 752 753 312)
4(292 313 754 733)
4(312 753 754 313)
4(313 754 755 314)
4(295 316 757 736)
4(315 756 757 316)
4(296 317 758 737)
4(316 757 758 317)
4(297 318 759 738)
4(317 758 759 318)
4(298 319 760 739)
4(318 759 760 319)
4(299 320 761 740)
4(319 760 761 320)
4(300 321 762 741)
4(320 761 762 321)
4(301 322 763 742)
4(321 762 763 322)
4(302 323 764 743)
4(322 763 764 323)
4(303 324 765 744)
4(323 764 765 324)
4(304 325 766 745)
4(324 765 766 325)
4(305 326 767 746)
4(325 766 767 326)
4(306 327 768 747)
4(326 767 768 327)
4(307 328 769 748)
4(327 768 769 328)
4(308 329 770 749)
4(328 769 770 329)
4(309 330 771 750)
4(329 770 771 330)
4(310 331 772 751)
4(330 771 772 331)
4(311 332 773 752)
4(331 772 773 332)
4(312 333 774 753)
4(332 773 774 333)
4(313 334 775 754)
4(333 774 775 334)
4(334 775 776 335)
4(316 337 778 757)
4(336 777 778 337)
4(317 338 779 758)
4(337 778 779 338)
4(318 339 780 759)
4(338 779 780 339)
4(319 340 781 760)
4(339 780 781 340)
4(320 341 782 761)
4(340 781 782 341)
4(321 342 783 762)
4(341 782 783 342)
4(322 343 784 763)
4(342 783 784 343)
4(323 344 785 764)
4(343 784 785 344)
4(324 345 786 765)
4(344 785 786 345)
4(325 346 787 766)
4(345 786 787 346)
4(326 347 788 767)
4(346 787 788 347)
4(327 348 789 768)
4(347 788 789 348)
4(328 349 790 769)
4(348 789 790 349)
4(329 350 791 770)
4(349 790 791 350)
4(330 351 792 771)
4(350 791 792 351)
4(331 352 793 772)
4(351 792 793 352)
4(332 353 794 773)
4(352 793 794 353)
4(333 354 795 774)
4(353 794 795 354)
4(334 355 796 775)
4(354 795 796 355)
4(355 796 797 356)
4(337 358 799 778)
4(357 798 799 358)
4(338 359 800 779)
4(358 799 800 359)
4(339 360 801 780)
4(359 800 801 360)
4(340 361 802 781)
4(360 801 802 361)
4(341 362 803 782)
4(361 802 803 362)
4(342 363 804 783)
4(362 803 804 363)
4(343 364 805 784)
4(363 804 805 364)
4(344 365 806 785)
4(364 805 806 365)
4(345 366 807 786)
4(365 806 807 366)
4(346 367 808 787)
4(366 807 808 367)
4(347 368 809 788)
4(367 808 809 368)
4(348 369 810 789)
4(368 809 810 369)
4(349 370 811 790)
4(369 810 811 370)
4(350 371 812 791)
4(370 811 812 371)
4(351 372 813 792)
4(371 812 813 372)
4(352 373 814 793)
4(372 813 814 373)
4(353 374 815 794)
4(373 814 815 374)
4(354 375 816 795)
4(374 815 816 375)
4(355 376 817 796)
4(375 816 817 376)
4(376 817 818 377)
4(358 379 820 799)
4(378 819 820 379)
4(359 380 821 800)
4(379 820 821 380)
4(360 381 822 801)
4(380 821 822 381)
4(361 382 823 802)
4(381 822 823 382)
4(362 383 824 803)
4(382 823 824 383)
4(363 384 825 804)
4(383 824 825 384)
4(364 385 826 805)
4(384 825 826 385)
4(365 386 827 806)
4(385 826 827 386)
4(366 387 828 807)
4(386 827 828 387)
4(367 388 829 808)
4(387 828 829 388)
4(368 389 830 809)
4(388 829 830 389)
4(369 390 831 810)
4(389 830 831 390)
4(370 391 832 811)
4(390 831 832 391)
4(371 392 833 812)
4(391 832 833 392)
4(372 393 834 813)
4(392 833 834 393)
4(373 394 835 814)
4(393 834 835 394)
4(374 395 836 815)
4(394 835 836 395)
4(375 396 837 816)
4(395 836 837 396)
4(376 397 838 817)
4(396 837 838 397)
4(397 838 839 398)
4(379 400 841 820)
4(399 840 841 400)
4(380 401 842 821)
4(400 841 842 401)
4(381 402 843 822)
4(401 842 843 402)
4(382 403 844 823)
4(402 843 844 403)
4(383 404 845 824)
4(403 844 845 404)
4(384 405 846 825)
4(404 845 846 405)
4(385 406 847 826)
4(405 846 847 406)
4(386 407 848 827)
4(406 847 848 407)
4(387 408 849 828)
4(407 848 849 408)
4(388 409 850 829)
4(408 849 850 409)
4(389 410 851 830)
4(409 850 851 410)
4(390 411 852 831)
4(410 851 852 411)
4(391 412 853 832)
4(411 852 853 412)
4(392 413 854 833)
4(412 853 854 413)
4(393 414 855 834)
4(413 854 855 414)
4(394 415 856 835)
4(414 855 856 415)
4(395 416 857 836)
4(415 856 857 416)
4(396 417 858 837)
4(416 857 858 417)
4(397 418 859 838)
4(417 858 859 418)
4(418 859 860 419)
4(400 421 862 841)
4(401 422 863 842)
4(402 423 864 843)
4(403 424 865 844)
4(404 425 866 845)
4(405 426 867 846)
4(406 427 868 847)
4(407 428 869 848)
4(408 429 870 849)
4(409 430 871 850)
4(410 431 872 851)
4(411 432 873 852)
4(412 433 874 853)
4(413 434 875 854)
4(414 435 876 855)
4(415 436 877 856)
4(416 437 878 857)
4(417 438 879 858)
4(418 439 880 859)
4(420 861 862 421)
4(421 862 863 422)
4(422 863 864 423)
4(423 864 865 424)
4(424 865 866 425)
4(425 866 867 426)
4(426 867 868 427)
4(427 868 869 428)
4(428 869 870 429)
4(429 870 871 430)
4(430 871 872 431)
4(431 872 873 432)
4(432 873 874 433)
4(433 874 875 434)
4(434 875 876 435)
4(435 876 877 436)
4(436 877 878 437)
4(437 878 879 438)
4(438 879 880 439)
4(439 880 881 440)
4(0 441 462 21)
4(21 462 483 42)
4(42 483 504 63)
4(63 504 525 84)
4(84 525 546 105)
4(105 546 567 126)
4(126 567 588 147)
4(147 588 609 168)
4(168 609 630 189)
4(189 630 651 210)
4(210 651 672 231)
4(231 672 693 252)
4(252 693 714 273)
4(273 714 735 294)
4(294 735 756 315)
4(315 756 777 336)
4(336 777 798 357)
4(357 798 819 378)
4(378 819 840 399)
4(399 840 861 420)
4(20 41 482 461)
4(41 62 503 482)
4(62 83 524 503)
4(83 104 545 524)
4(104 125 566 545)
4(125 146 587 566)
4(146 167 608 587)
4(167 188 629 608)
4(188 209 650 629)
4(209 230 671 650)
4(230 251 692 671)
4(251 272 713 692)
4(272 293 734 713)
4(293 314 755 734)
4(314 335 776 755)
4(335 356 797 776)
4(356 377 818 797)
4(377 398 839 818)
4(398 419 860 839)
4(419 440 881 860)
4(0 1 442 441)
4(1 2 443 442)
4(2 3 444 443)
4(3 4 445 444)
4(4 5 446 445)
4(5 6 447 446)
4(6 7 448 447)
4(7 8 449 448)
4(8 9 450 449)
4(9 10 451 450)
4(10 11 452 451)
4(11 12 453 452)
4(12 13 454 453)
4(13 14 455 454)
4(14 15 456 455)
4(15 16 457 456)
4(16 17 458 457)
4(17 18 459 458)
4(18 19 460 459)
4(19 20 461 460)
4(0 21 22 1)
4(21 42 43 22)
4(42 63 64 43)
4(63 84 85 64)
4(84 105 106 85)
4(105 126 127 106)
4(126 147 148 127)
4(147 168 169 148)
4(168 189 190 169)
4(189 210 211 190)
4(210 231 232 211)
4(231 252 253 232)
4(252 273 274 253)
4(273 294 295 274)
4(294 315 316 295)
4(315 336 337 316)
4(336 357 358 337)
4(357 378 379 358)
4(378 399 400 379)
4(399 420 421 400)
4(1 22 23 2)
4(22 43 44 23)
4(43 64 65 44)
4(64 85 86 65)
4(85 106 107 86)
4(106 127 128 107)
4(127 148 149 128)
4(148 169 170 149)
4(169 190 191 170)
4(190 211 212 191)
4(211 232 233 212)
4(232 253 254 233)
4(253 274 275 254)
4(274 295 296 275)
4(295 316 317 296)
4(316 337 338 317)
4(337 358 359 338)
4(358 379 380 359)
4(379 400 401 380)
4(400 421 422 401)
4(2 23 24 3)
4(23 44 45 24)
4(44 65 66 45)
4(65 86 87 66)
4(86 107 108 87)
4(107 128 129 108)
4(128 149 150 129)
4(149 170 171 150)
4(170 191 192 171)
4(191 212 213 192)
4(212 233 234 213)
4(233 254 255 234)
4(254 275 276 255)
4(275 296 297 276)
4(296 317 318 297)
4(317 338 339 318)
4(338 359 360 339)
4(359 380 381 360)
4(380 401 402 381)
4(401 422 423 402)
4(3 24 25 4)
4(24 45 46 25)
4(45 66 67 46)
4(66 87 88 67)
4(87 108 109 88)
4(108 129 130 109)
4(129 150 151 130)
4(150 171 172 151)
4(171 192 193 172)
4(192 213 214 193)
4(213 234 235 214)
4(234 255 256 235)
4(255 276 277 256)
4(276 297 298 277)
4(297 318 319 298)
4(318 339 340 319)
4(339 360 361 340)
4(360 381 382 361)
4(381 402 403 382)
4(402 423 424 403)
4(4 25 26 5)
4(25 46 47 26)
4(46 67 68 47)
4(67 88 89 68)
4(88 109 110 89)
4(109 130 131 110)
4(130 151 152 131)
4(151 172 173 152)
4(172 193 194 173)
4(193 214 215 194)
4(214 235 236 215)
4(235 256 257 236)
4(256 277 278 257)
4(277 298 299 278)
4(298 319 320 299)
4(319 340 341 320)
4(340 361 362 341)
4(361 382 383 362)
4(382 403 404 383)
4(403 424 425 404)
4(5 26 27 6)
4(26 47 48 27)
4(47 68 69 48)
4(68 89 90 69)
4(89 110 111 90)
4(110 131 132 111)
4(131 152 153 132)
4(152 173 174 153)
4(173 194 195 174)
4(194 215 216 195)
4(215 236 237 216)
4(236 257 258 237)
4(257 278 279 258)
4(278 299 300 279)
4(299 320 321 300)
4(320 341 342 321)
4(341 362 363 342)
4(362 383 384 363)
4(383 404 405 384)
4(404 425 426 405)
4(6 27 28 7)
4(27 48 49 28)
4(48 69 70 49)
4(69 90 91 70)
4(90 111 112 91)
4(111 132 133 112)
4(132 153 154 133)
4(153 174 175 154)
4(174 195 196 175)
4(195 216 217 196)
4(216 237 238 217)
4(237 258 259 238)
4(258 279 280 259)
4(279 300 301 280)
4(300 321 322 301)
4(321 342 343 322)
4(342 363 364 343)
4(363 384 385 364)
4(384 405 406 385)
4(405 426 427 406)
4(7 28 29 8)
4(28 49 50 29)
4(49 70 71 50)
4(70 91 92 71)
4(91 112 113 92)
4(112 133 134 113)
4(133 154 155 134)
4(154 175 176 155)
4(175 196 197 176)
4(196 217 218 197)
4(217 238 239 218)
4(238 259 260 239)
4(259 280 281 260)
4(280 301 302 281)
4(301 322 323 302)
4(322 343 344 323)
4(343 364 365 344)
4(364 385 386 365)
4(385 406 407 386)
4(406 427 428 407)
4(8 29 30 9)
4(29 50 51 30)
4(50 71 72 51)
4(71 92 93 72)
4(92 113 114 93)
4(113 134 135 114)
4(134 155 156 135)
4(155 176 177 156)
4(176 197 198 177)
4(197 218 219 198)
4(218 239 240 219)
4(239 260 261 240)
4(260 281 282 261)
4(281 302 303 282)
4(302 323 324 303)
4(323 344 345 324)
4(344 365 366 345)
4(365 386 387 366)
4(386 407 408 387)
4(407 428 429 408)
4(9 30 31 10)
4(30 51 52 31)
4(51 72 73 52)
4(72 93 94 73)
4(93 114 115 94)
4(114 135 136 115)
4(135 156 157 136)
4(156 177 178 157)
4(177 198 199 178)
4(198 219 220 199)
4(219 240 241 220)
4(240 261 262 241)
4(261 282 283 262)
4(282 303 304 283)
4(303 324 325 304)
4(324 345 346 325)
4(345 366 367 346)
4(366 387 388 367)
4(387 408 409 388)
4(408 429 430 409)
4(10 31 32 11)
4(31 52 53 32)
4(52 73 74 53)
4(73 94 95 74)
4(94 115 116 95)
4(115 136 137 116)
4(136 157 158 137)
4(157 178 179 158)
4(178 199 200 179)
4(199 220 221 200)
4(220 241 242 221)
4(241 262 263 242)
4(262 283 284 263)
4(283 304 305 284)
4(304 325 326 305)
4(325 346 347 326)
4(346 367 368 347)
4(367 388 389 368)
4(388 409 410 389)
4(409 430 431 410)
4(11 32 33 12)
4(32 53 54 33)
4(53 74 75 54)
4(74 95 96 75)
4(95 116 117 96)
4(116 137 138 117)
4(137 158 159 138)
4(158 179 180 159)
4(179 200 201 180)
4(200 221 222 201)
4(221 242 243 222)
4(242 263 264 243)
4(263 284 285 264)
4(284 305 306 285)
4(305 326 327 306)
4(326 347 348 327)
4(347 368 369 348)
4(368 389 390 369)
4(389 410 411 390)
4(410 431 432 411)
4(12 33 34 13)
4(33 54 55 34)
4(54 75 76 55)
4(75 96 97 76)
4(96 117 118 97)
4(117 138 139 118)
4(138 159 160 139)
4(159 180 181 160)
4(180 201 202 181)
4(201 222 223 202)
4(222 243 244 223)
4(243 264 265 244)
4(264 285 286 265)
4(285 306 307 286)
4(306 327 328 307)
4(327 348 349 328)
4(348 369 370 349)
4(369 390 391 370)
4(390 411 412 391)
4(411 432 433 412)
4(13 34 35 14)
4(34 55 56 35)
4(55 76 77 56)
4(76 97 98 77)
4(97 118 119 98)
4(118 139 140 119)
4(139 160 161 140)
4(160 181 182 161)
4(181 202 203 182)
4(202 223 224 203)
4(223 244 245 224)
4(244 265 266 245)
4(265 286 287 266)
4(286 307 308 287)
4(307 328 329 308)
4(328 349 350 329)
4(349 370 371 350)
4(370 391 392 371)
4(391 412 413 392)
4(412 433 434 413)
4(14 35 36 15)
4(35 56 57 36)
4(56 77 78 57)
4(77 98 99 78)
4(98 119 120 99)
4(119 140 141 120)
4(140 161 162 141)
4(161 182 183 162)
4(182 203 204 183)
4(203 224 225 204)
4(224 245 246 225)
4(245 266 267 246)
4(266 287 288 267)
4(287 308 309 288)
4(308 329 330 309)
4(329 350 351 330)
4(350 371 372 351)
4(371 392 393 372)
4(392 413 414 393)
4(413 434 435 414)
4(15 36 37 16)
4(36 57 58 37)
4(57 78 79 58)
4(78 99 100 79)
4(99 120 121 100)
4(120 141 142 121)
4(141 162 163 142)
4(162 183 184 163)
4(183 204 205 184)
4(204 225 226 205)
4(225 246 247 226)
4(246 267 268 247)
4(267 288 289 268)
4(288 309 310 289)
4(309 330 331 310)
4(330 351 352 331)
4(351 372 373 352)
4(372 393 394 373)
4(393 414 415 394)
4(414 435 436 415)
4(16 37 38 17)
4(37 58 59 38)
4(58 79 80 59)
4(79 100 101 80)
4(100 121 122 101)
4(121 142 143 122)
4(142 163 164 143)
4(163 184 185 164)
4(184 205 206 185)
4(205 226 227 206)
4(226 247 248 227)
4(247 268 269 248)
4(268 289 290 269)
4(289 310 311 290)
4(310 331 332 311)
4(331 352 353 332)
4(352 373 374 353)
4(373 394 395 374)
4(394 415 416 395)
4(415 436 437 416)
4(17 38 39 18)
4(38 59 60 39)
4(59 80 81 60)
4(80 101 102 81)
4(101 122 123 102)
4(122 143 144 123)
4(143 164 165 144)
4(164 185 186 165)
4(185 206 207 186)
4(206 227 228 207)
4(227 248 249 228)
4(248 269 270 249)
4(269 290 291 270)
4(290 311 312 291)
4(311 332 333 312)
4(332 353 354 333)
4(353 374 375 354)
4(374 395 396 375)
4(395 416 417 396)
4(416 437 438 417)
4(18 39 40 19)
4(39 60 61 40)
4(60 81 82 61)
4(81 102 103 82)
4(102 123 124 103)
4(123 144 145 124)
4(144 165 166 145)
4(165 186 187 166)
4(186 207 208 187)
4(207 228 229 208)
4(228 249 250 229)
4(249 270 271 250)
4(270 291 292 271)
4(291 312 313 292)
4(312 333 334 313)
4(333 354 355 334)
4(354 375 376 355)
4(375 396 397 376)
4(396 417 418 397)
4(417 438 439 418)
4(19 40 41 20)
4(40 61 62 41)
4(61 82 83 62)
4(82 103 104 83)
4(103 124 125 104)
4(124 145 146 125)
4(145 166 167 146)
4(166 187 188 167)
4(187 208 209 188)
4(208 229 230 209)
4(229 250 251 230)
4(250 271 272 251)
4(271 292 293 272)
4(292 313 314 293)
4(313 334 335 314)
4(334 355 356 335)
4(355 376 377 356)
4(376 397 398 377)
4(397 418 419 398)
4(418 439 440 419)
4(441 442 463 462)
4(462 463 484 483)
4(483 484 505 504)
4(504 505 526 525)
4(525 526 547 546)
4(546 547 568 567)
4(567 568 589 588)
4(588 589 610 609)
4(609 610 631 630)
4(630 631 652 651)
4(651 652 673 672)
4(672 673 694 693)
4(693 694 715 714)
4(714 715 736 735)
4(735 736 757 756)
4(756 757 778 777)
4(777 778 799 798)
4(798 799 820 819)
4(819 820 841 840)
4(840 841 862 861)
4(442 443 464 463)
4(463 464 485 484)
4(484 485 506 505)
4(505 506 527 526)
4(526 527 548 547)
4(547 548 569 568)
4(568 569 590 589)
4(589 590 611 610)
4(610 611 632 631)
4(631 632 653 652)
4(652 653 674 673)
4(673 674 695 694)
4(694 695 716 715)
4(715 716 737 736)
4(736 737 758 757)
4(757 758 779 778)
4(778 779 800 799)
4(799 800 821 820)
4(820 821 842 841)
4(841 842 863 862)
4(443 444 465 464)
4(464 465 486 485)
4(485 486 507 506)
4(506 507 528 527)
4(527 528 549 548)
4(548 549 570 569)
4(569 570 591 590)
4(590 591 612 611)
4(611 612 633 632)
4(632 633 654 653)
4(653 654 675 674)
4(674 675 696 695)
4(695 696 717 716)
4(716 717 738 737)
4(737 738 759 758)
4(758 759 780 779)
4(779 780 801 800)
4(800 801 822 821)
4(821 822 843 842)
4(842 843 864 863)
4(444 445 466 465)
4(465 466 487 486)
4(486 487 508 507)
4(507 508 529 528)
4(528 529 550 549)
4(549 550 571 570)
4(570 571 592 591)
4(591 592 613 612)
4(612 613 634 633)
4(633 634 655 654)
4(654 655 676 675)
4(675 676 697 696)
4(696 697 718 717)
4(717 718 739 738)
4(738 739 760 759)
4(759 760 781 780)
4(780 781 802 801)
4(801 802 823 822)
4(822 823 844 843)
4(843 844 865 864)
4(445 446 467 466)
4(466 467 488 487)
4(487 488 509 508)
4(508 509 530 529)
4(529 530 551 550)
4(550 551 572 571)
4(571 572 593 592)
4(592 593 614 613)
4(613 614 635 634)
4(634 635 656 655)
4(655 656 677 676)
4(676 677 698 697)
4(697 698 719 718)
4(718 719 740 739)
4(739 740 761 760)
4(760 761 782 781)
4(781 782 803 802)
4(802 803 824 823)
4(823 824 845 844)
4(844 845 866 865)
4(446 447 468 467)
4(467 468 489 488)
4(488 489 510 509)
4(509 510 531 530)
4(530 531 552 551)
4(551 552 573 572)
4(572 573 594 593)
4(593 594 615 614)
4(614 615 636 635)
4(635 636 657 656)
4(656 657 678 677)
4(677 678 699 698)
4(698 699 720 719)
4(719 720 741 740)
4(740 741 762 761)
4(761 762 783 782)
4(782 783 804 803)
4(803 804 825 824)
4(824 825 846 845)
4(845 846 867 866)
4(447 448 469 468)
4(468 469 490 489)
4(489 490 511 510)
4(510 511 532 531)
4(531 532 553 552)
4(552 553 574 573)
4(573 574 595 594)
4(594 595 616 615)
4(615 616 637 636)
4(636 637 658 657)
4(657 658 679 678)
4(678 679 700 699)
4(699 700 721 720)
4(720 721 742 741)
4(741 742 763 762)
4(762 763 784 783)
4(783 784 805 804)
4(804 805 826 825)
4(825 826 847 846)
4(846 847 868 867)
4(448 449 470 469)
4(469 470 491 490)
4(490 491 512 511)
4(511 512 533 532)
4(532 533 554 553)
4(553 554 575 574)
4(574 575 596 595)
4(595 596 617 616)
4(616 617 638 637)
4(637 638 659 658)
4(658 659 680 679)
4(679 680 701 700)
4(700 701 722 721)
4(721 722 743 742)
4(742 743 764 763)
4(763 764 785 784)
4(784 785 806 805)
4(805 806 827 826)
4(826 827 848 847)
4(847 848 869 868)
4(449 450 471 470)
4(470 471 492 491)
4(491 492 513 512)
4(512 513 534 533)
4(533 534 555 554)
4(554 555 576 575)
4(575 576 597 596)
4(596 597 618 617)
4(617 618 639 638)
4(638 639 660 659)
4(659 660 681 680)
4(680 681 702 701)
4(701 702 723 722)
4(722 723 744 743)
4(743 744 765 764)
4(764 765 786 785)
4(785 786 807 806)
4(806 807 828 827)
4(827 828 849 848)
4(848 849 870 869)
4(450 451 472 471)
4(471 472 493 492)
4(492 493 514 513)
4(513 514 535 534)
4(534 535 556 555)
4(555 556 577 576)
4(576 577 598 597)
4(597 598 619 618)
4(618 619 640 639)
4(639 640 661 660)
4(660 661 682 681)
4(681 682 703 702)
4(702 703 724 723)
4(723 724 745 744)
4(744 745 766 765)
4(765 766 787 786)
4(786 787 808 807)
4(807 808 829 828)
4(828 829 850 849)
4(849 850 871 870)
4(451 452 473 472)
4(472 473 494 493)
4(493 494 515 514)
4(514 515 536 535)
4(535 536 557 556)
4(556 557 578 577)
4(577 578 599 598)
4(598 599 620 619)
4(619 620 641 640)
4(640 641 662 661)
4(661 662 683 682)
4(682 683 704 703)
4(703 704 725 724)
4(724 725 746 745)
4(745 746 767 766)
4(766 767 788 787)
4(787 788 809 808)
4(808 809 830 829)
4(829 830 851 850)
4(850 851 872 871)
4(452 453 474 473)
4(473 474 495 494)
4(494 495 516 515)
4(515 516 537 536)
4(536 537 558 557)
4(557 558 579 578)
4(578 579 600 599)
4(599 600 621 620)
4(620 621 642 641)
4(641 642 663 662)
4(662 663 684 683)
4(683 684 705 704)
4(704 705 726 725)
4(725 726 747 746)
4(746 747 768 767)
4(767 768 789 788)
4(788 789 810 809)
4(809 810 831 830)
4(830 831 852 851)
4(851 852 873 872)
4(453 454 475 474)
4(474 475 496 495)
4(495 496 517 516)
4(516 517 538 537)
4(537 538 559 558)
4(558 559 580 579)
4(579 580 601 600)
4(600 601 622 621)
4(621 622 643 642)
4(642 643 664 663)
4(663 664 685 684)
4(684 685 706 705)
4(705 706 727 726)
4(726 727 748 747)
4(747 748 769 768)
4(768 769 790 789)
4(789 790 811 810)
4(810 811 832 831)
4(831 832 853 852)
4(852 853 874 873)
4(454 455 476 475)
4(475 476 497 496)
4(496 497 518 517)
4(517 518 539 538)
4(538 539 560 559)
4(559 560 581 580)
4(580 581 602 601)
4(601 602 623 622)
4(622 623 644 643)
4(643 644 665 664)
4(664 665 686 685)
4(685 686 707 706)
4(706 707 728 727)
4(727 728 749 748)
4(748 749 770 769)
4(769 770 791 790)
4(790 791 812 811)
4(811 812 833 832)
4(832 833 854 853)
4(853 854 875 874)
4(455 456 477 476)
4(476 477 498 497)
4(497 498 519 518)
4(518 519 540 539)
4(539 540 561 560)
4(560 561 582 581)
4(581 582 603 602)
4(602 603 624 623)
4(623 624 645 644)
4(644 645 666 665)
4(665 666 687 686)
4(686 687 708 707)
4(707 708 729 728)
4(728 729 750 749)
4(749 750 771 770)
4(770 771 792 791)
4(791 792 813 812)
4(812 813 834 833)
4(833 834 855 854)
4(854 855 876 875)
4(456 457 478 477)
4(477 478 499 498)
4(498 499 520 519)
4(519 520 541 540)
4(540 541 562 561)
4(561 562 583 582)
4(582 583 604 603)
4(603 604 625 624)
4(624 625 646 645)
4(645 646 667 666)
4(666 667 688 687)
4(687 688 709 708)
4(708 709 730 729)
4(729 730 751 750)
4(750 751 772 771)
4(771 772 793 792)
4(792 793 814 813)
4(813 814 835 834)
4(834 835 856 855)
4(855 856 877 876)
4(457 458 479 478)
4(478 479 500 499)
4(499 500 521 520)
4(520 521 542 541)
4(541 542 563 562)
4(562 563 584 583)
4(583 584 605 604)
4(604 605 626 625)
4(625 626 647 646)
4(646 647 668 667)
4(667 668 689 688)
4(688 689 710 709)
4(709 710 731 730)
4(730 731 752 751)
4(751 752 773 772)
4(772 773 794 793)
4(793 794 815 814)
4(814 815 836 835)
4(835 836 857 856)
4(856 857 878 877)
4(458 459 480 479)
4(479 480 501 500)
4(500 501 522 521)
4(521 522 543 542)
4(542 543 564 563)
4(563 564 585 584)
4(584 585 606 605)
4(605 606 627 626)
4(626 627 648 647)
4(647 648 669 668)
4(668 669 690 689)
4(689 690 711 710)
4(710 711 732 731)
4(731 732 753 752)
4(752 753 774 773)
4(773 774 795 794)
4(794 795 816 815)
4(815 816 837 836)
4(836 837 858 857)
4(857 858 879 878)
4(459 460 481 480)
4(480 481 502 501)
4(501 502 523 522)
4(522 523 544 543)
4(543 544 565 564)
4(564 565 586 585)
4(585 586 607 606)
4(606 607 628 627)
4(627 628 649 648)
4(648 649 670 669)
4(669 670 691 690)
4(690 691 712 711)
4(711 712 733 732)
4(732 733 754 753)
4(753 754 775 774)
4(774 775 796 795)
4(795 796 817 816)
4(816 817 838 837)
4(837 838 859 858)
4(858 859 880 879)
4(460 461 482 481)
4(481 482 503 502)
4(502 503 524 523)
4(523 524 545 544)
4(544 545 566 565)
4(565 566 587 586)
4(586 587 608 607)
4(607 608 629 628)
4(628 629 650 649)
4(649 650 671 670)
4(670 671 692 691)
4(691 692 713 712)
4(712 713 734 733)
4(733 734 755 754)
4(754 755 776 775)
4(775 776 797 796)
4(796 797 818 817)
4(817 818 839 838)
4(838 839 860 859)
4(859 860 881 880)
)


// ************************************************************************* //
