// Data on points
70
(

//minz
9813.84
9813.84
7231.83
1260.68
1260.68
253.433
253.433
76.6694
76.6694
30.8982
16.0868
16.0868
10.4406
7.39238
4.6135
3.0542
2.39951
2.24094
2.3504
2.93787
3.6326
3.15933
2.71282
2.72062
3.09416
4.18748
7.30754
14.5872
29.1787
73.9208
490.641
3622.84
5549.75
6430.47
6327.27

// maxz
9813.84
9813.84
7231.83
1260.68
1260.68
253.433
253.433
76.6694
76.6694
30.8982
16.0868
16.0868
10.4406
7.39238
4.6135
3.0542
2.39951
2.24094
2.3504
2.93787
3.6326
3.15933
2.71282
2.72062
3.09416
4.18748
7.30754
14.5872
29.1787
73.9208
490.641
3622.84
5549.75
6430.47
6327.27
)

// ************************************************************************* //
